L,d,J,Jprop,NX,NY,rR_random,rH_random,rR_hosthost,rH_phagephage,rH_phagehost,rH_3body,GenePersisentTime,mean_establish_size,persTimeHost,persTimePhage,gapTimeHost,gapTimePhage,theta_GH,theta_GP,theta_gH,theta_gP,constraint,soft_threshold
40,2,0.01,1.0,1000000,1.0e6,5.0e-5,5.0e-5,0.0,0.0,0.0,0.0,200000,10527.4133946193,1033.577713157614,970.3377869533604,1007.113616757427,1018.8746786295188,9819.86558742351,12267.38628246983,9834.18109771145,12235.31896181024,hard,5.0
40,2,0.01,1.0,1000000,5.0e6,5.0e-5,5.0e-5,0.0,0.0,0.0,0.0,200000,2375.300886120372,1002.9675195879678,1649.5802041293794,656.5942083448466,549.0344781682641,5397.4743517193665,31131.924742474406,5584.706816042201,29783.913557032145,hard,5.0
40,2,0.01,1.0,1000000,3.0e6,0.0001,0.0001,0.0,0.0,0.0,0.0,200000,1706.0069701402633,1607.604206324027,2925.5051630668618,390.08405460276754,282.64451689130055,3184.106551899186,10369.913651640525,3136.954256121428,9816.335533319865,hard,5.0
40,2,0.01,1.0,1000000,1.0e6,0.0005,0.0005,0.0,0.0,0.0,0.0,200000,1523.2399556048836,21949.856286228263,23814.087236403997,33.675496688741724,34.62409638554217,1045.3452476392956,1068.1678382536106,986.834914643017,1011.1926913906916,hard,5.0
40,2,0.01,1.0,1000000,9.0e6,0.0005,0.0005,0.0,0.0,0.0,0.0,200000,0,53658.36842105263,0,28.61,0,566.4333580016715,5143.820791388604,535.9270806931471,4872.8402364984395,hard,5.0
40,2,0.01,1.0,1000000,8.0e6,0.001,0.001,0.0,0.0,0.0,0.0,200000,0,0,0,0,0,286.23099672672805,2272.8556818213474,275.1983981998821,2186.788856813814,hard,5.0
40,2,0.01,1.0,1000000,7.0e6,0.0,0.0,5.0e-5,0.0,5.0e-5,0.0,200000,1846.3478747566514,971.3474078851009,1880.2630229879464,684.5349083332414,555.7381245789586,5555.843420511743,45336.883680425046,5678.646671498652,42791.262768392095,hard,5.0
40,2,0.01,1.0,1000000,3.0e6,0.0,0.0,0.0001,0.0,0.0001,0.0,200000,1904.088008337843,1552.0298201654791,2666.2157974906804,417.8600585396725,322.4457384859714,3340.9231439504947,10957.42594986438,3156.066588657112,10142.409259877302,hard,5.0
40,2,0.01,1.0,1000000,1.0e6,0.0,0.0,0.0005,0.0,0.0005,0.0,200000,1469.5046405319297,15809.377975444751,17000.59814378723,49.860733129686196,41.41264171455195,1123.5699916834333,1151.4122334899198,1342.2345287746173,1467.6353184068623,hard,5.0
40,2,0.01,1.0,1000000,9.0e6,0.0,0.0,0.0005,0.0,0.0005,0.0,200000,0,46163.395432692305,0,38.78552971576227,0,607.9188800668039,5532.7862279909,774.2355052602417,7526.324723937693,hard,5.0
40,2,0.01,1.0,1000000,8.0e6,0.0,0.0,0.001,0.0,0.001,0.0,200000,0,0,0,0,0,319.6078241371611,2557.798330919042,626.4740089041858,5470.060557949306,hard,5.0
40,2,0.01,1.0,1000000,2.0e6,5.0e-5,5.0e-5,0.0,0.0,0.0,0.0,200000,6437.81974222636,991.6255795179334,1131.9801771559487,767.326230652857,733.9102457850402,6991.4179520998505,16416.78982281809,7155.436178011494,16095.981502009061,hard,5.0
40,2,0.01,1.0,1000000,7.0e6,5.0e-5,5.0e-5,0.0,0.0,0.0,0.0,200000,1414.4053910934217,1013.885174990169,2085.4337398790612,638.5983716728363,471.47484505384165,5154.010732343775,41608.748629706395,5421.96957231445,40309.25103428991,hard,5.0
40,2,0.01,1.0,1000000,5.0e6,0.0001,0.0001,0.0,0.0,0.0,0.0,200000,763.4002147425424,1754.692464502612,6515.864618831987,372.6537883450951,161.26021026113077,2867.8859263923105,15519.85134340015,2822.510279683836,14655.052003205903,hard,5.0
40,2,0.01,1.0,1000000,3.0e6,0.0005,0.0005,0.0,0.0,0.0,0.0,200000,0,43107.43062692703,0,32.3010101010101,0,683.131365804089,2075.7804917806043,646.0197277150628,1959.436215970724,hard,5.0
40,2,0.01,1.0,1000000,1.0e6,0.001,0.001,0.0,0.0,0.0,0.0,200000,0,0,0,0,0,517.8179024321976,523.1300016485552,491.72478202070585,499.6023678619037,hard,5.0
40,2,0.01,1.0,1000000,6.0e6,0.001,0.001,0.0,0.0,0.0,0.0,200000,0,0,0,0,0,297.13844479297387,1771.3704797841117,289.3373501835879,1725.776962615073,hard,5.0
40,2,0.01,1.0,1000000,1.0e6,0.0,0.0,0.0001,0.0,0.0001,0.0,200000,5594.501884834861,1258.3425332446031,1233.3309009164793,526.7154572125411,529.9586459605654,5202.171970807037,5764.026988107207,5065.600037737058,5687.305174798873,hard,5.0
40,2,0.01,1.0,1000000,8.0e6,0.0,0.0,0.0001,0.0,0.0001,0.0,200000,428.1896572459411,1740.5678664847037,15059.380517137703,392.5226122707147,93.14293297942933,2874.3460473915793,24988.184053664158,2696.92846693371,22775.583709623552,hard,5.0
40,2,0.01,1.0,1000000,6.0e6,0.0,0.0,0.0005,0.0,0.0005,0.0,200000,0,45393.69338303821,0,37.16225749559083,0,642.0326977200253,3906.079692517941,812.3814163808805,5272.7993708938775,hard,5.0
40,2,0.01,1.0,1000000,4.0e6,0.0,0.0,0.001,0.0,0.001,0.0,200000,0,0,0,0,0,353.64525483499995,1417.4988330517638,663.6099055463487,2908.06241670972,hard,5.0
40,2,0.01,1.0,1000000,4.0e6,5.0e-5,5.0e-5,0.0,0.0,0.0,0.0,200000,3177.819653984913,1003.7588289294681,1471.2268987947198,674.0729641984537,590.3964059780657,5637.054838837536,26042.18344789173,5876.627583227361,25282.883795306432,hard,5.0
40,2,0.01,1.0,1000000,1.0e6,0.0001,0.0001,0.0,0.0,0.0,0.0,200000,5380.276380267886,1311.0613214235077,1284.8678536426005,494.14294743369584,497.82177844762623,5008.400352609826,5528.813603509808,4934.940660317121,5444.557886209187,hard,5.0
40,2,0.01,1.0,1000000,9.0e6,0.0001,0.0001,0.0,0.0,0.0,0.0,200000,291.56945572705115,1872.0320692288115,40981.517465475226,365.15224274006636,26.185078909612624,2680.6478394994847,25989.295603323648,2640.2952511022463,24565.298998444752,hard,5.0
40,2,0.01,1.0,1000000,7.0e6,0.0005,0.0005,0.0,0.0,0.0,0.0,200000,0,48045.042792792796,0,26.753086419753085,0,579.124447627772,4088.30326459239,546.8708651813002,3873.7496244804065,hard,5.0
40,2,0.01,1.0,1000000,5.0e6,0.001,0.001,0.0,0.0,0.0,0.0,200000,0,0,0,0,0,302.6027714943624,1506.7500223214192,285.4847706407733,1425.313743132861,hard,5.0
40,2,0.01,1.0,1000000,4.0e6,0.0,0.0,0.0001,0.0,0.0001,0.0,200000,1286.8047512796954,1611.045470973269,3613.0904294414113,407.3556616662383,267.33921106227893,3139.2064289721375,13712.833017670051,2963.8807315371123,12570.716698069187,hard,5.0
40,2,0.01,1.0,1000000,2.0e6,0.0,0.0,0.0005,0.0,0.0005,0.0,200000,1261.764705882353,28546.5971968312,70418.70588235294,42.23798266351458,2.0,828.127066572383,1686.2556237000358,1024.6990636053524,2233.0946193372874,hard,5.0
40,2,0.01,1.0,1000000,1.0e7,0.0,0.0,0.0005,0.0,0.0005,0.0,200000,0,46319.720047449584,0,39.86734693877551,0,606.8923883078747,6138.734169882023,753.6616306729086,8125.888113481132,hard,5.0
40,2,0.01,1.0,1000000,1.0e7,0.0,0.0,0.001,0.0,0.001,0.0,200000,0,0,0,0,0,311.21242625920445,3111.198670658091,611.2037229394039,6652.032514593392,hard,5.0
40,2,0.01,1.0,1000000,6.0e6,5.0e-5,5.0e-5,0.0,0.0,0.0,0.0,200000,1829.89484260931,1005.4620709170458,1849.3459455216264,642.670731707317,507.7548438369228,5271.633231801263,36478.97882059416,5431.3440254623065,34751.11724506223,hard,5.0
40,2,0.01,1.0,1000000,4.0e6,0.0001,0.0001,0.0,0.0,0.0,0.0,200000,1114.5826346017998,1699.7264243411516,4275.765226204736,377.6079238594973,217.49362786745965,2965.180286869455,12857.993763469973,2953.327277222473,12328.668920713622,hard,5.0
40,2,0.01,1.0,1000000,2.0e6,0.0005,0.0005,0.0,0.0,0.0,0.0,200000,0,40115.7493622449,0,30.365726227795193,0,765.0282730292423,1552.915823170555,729.3266051609124,1475.4944645826952,hard,5.0
40,2,0.01,1.0,1000000,1.0e7,0.0005,0.0005,0.0,0.0,0.0,0.0,200000,0,48632.23880597015,0,30.69090909090909,0,557.3023792937628,5618.409746955447,533.8869227924157,5393.373501555572,hard,5.0
40,2,0.01,1.0,1000000,1.0e7,0.001,0.001,0.0,0.0,0.0,0.0,200000,0,0,0,0,0,278.08738469484655,2757.906831313212,266.3756530728899,2619.1900045797315,hard,5.0
40,2,0.01,1.0,1000000,9.0e6,0.0,0.0,5.0e-5,0.0,5.0e-5,0.0,200000,1251.2614381555325,978.4569202266783,2327.4200997807848,672.3957902835788,499.0421397882461,5407.259356603851,56657.64542913352,5496.145526422599,52845.01253191109,hard,5.0
40,2,0.01,1.0,1000000,6.0e6,0.0,0.0,0.0001,0.0,0.0001,0.0,200000,679.7073442324239,1691.870430414272,6998.576656374956,398.61500260266456,169.4366865152553,2942.803826023978,19225.66410507341,2719.42268905739,17216.870392725807,hard,5.0
40,2,0.01,1.0,1000000,4.0e6,0.0,0.0,0.0005,0.0,0.0005,0.0,200000,0,37401.24896755162,0,40.196828358208954,0,688.9773608197772,2798.085668928528,855.2596770231639,3711.880221893535,hard,5.0
40,2,0.01,1.0,1000000,2.0e6,0.0,0.0,0.001,0.0,0.001,0.0,200000,0,0,0,0,0,423.86415225697635,855.3197037259023,773.9167564413061,1702.9210646559586,hard,5.0
40,2,0.01,1.0,1000000,9.0e6,0.0,0.0,0.001,0.0,0.001,0.0,200000,0,0,0,0,0,315.4866962852159,2839.0965379023355,624.0701947367774,6144.999472857807,hard,5.0
40,2,0.01,1.0,1000000,3.0e6,5.0e-5,5.0e-5,0.0,0.0,0.0,0.0,200000,4359.048152050992,997.9927893483583,1304.4599696720468,701.4523575915463,641.715743288852,6020.440506468042,20904.77580631367,6268.871214400269,20601.356630041137,hard,5.0
40,2,0.01,1.0,1000000,9.0e6,5.0e-5,5.0e-5,0.0,0.0,0.0,0.0,200000,877.9378612716763,1026.1918918622866,2761.5720843250597,629.4718763465214,397.0978260869565,5006.270048927487,51924.47858365918,5243.481819225644,49888.909861207205,hard,5.0
40,2,0.01,1.0,1000000,7.0e6,0.0001,0.0001,0.0,0.0,0.0,0.0,200000,446.86103151862466,1827.2835705083157,17479.716618911174,366.8158876843789,71.6017741935484,2747.374968914415,20758.878798692633,2709.0340430620627,19676.11641665813,hard,5.0
40,2,0.01,1.0,1000000,5.0e6,0.0005,0.0005,0.0,0.0,0.0,0.0,200000,0,51003.28649635037,0,33.33644859813084,0,608.3916456236351,3072.1362300910396,579.0562500960958,2913.944491247388,hard,5.0
40,2,0.01,1.0,1000000,3.0e6,0.001,0.001,0.0,0.0,0.0,0.0,200000,0,0,0,0,0,338.12646239176553,1014.1030705970257,319.5832575037179,960.1035516269645,hard,5.0
40,2,0.01,1.0,1000000,5.0e6,0.0,0.0,5.0e-5,0.0,5.0e-5,0.0,200000,2828.3370193408105,972.0959277616488,1546.341453994049,702.4064737387122,611.1489497135583,5765.952101424154,33571.51583557516,5897.66610193629,31947.951140389054,hard,5.0
40,2,0.01,1.0,1000000,1.0e7,0.0,0.0,5.0e-5,0.0,5.0e-5,0.0,200000,1064.6780487804879,992.2422161727266,2601.3615957007028,673.988883083388,471.1984243697479,5335.272927732561,62154.74835114955,5434.242362645182,58047.99575497112,hard,5.0
40,2,0.01,1.0,1000000,7.0e6,0.0,0.0,0.0001,0.0,0.0001,0.0,200000,526.0278644842025,1725.1938477669462,10217.474685953559,397.38589603988765,127.77677053824362,2893.183789180929,22038.117770908644,2715.902863177612,20120.91147044769,hard,5.0
40,2,0.01,1.0,1000000,5.0e6,0.0,0.0,0.0005,0.0,0.0005,0.0,200000,0,42588.760869565216,0,41.83918128654971,0,658.2519493983091,3334.6992226537445,837.6830818491292,4530.988216196676,hard,5.0
40,2,0.01,1.0,1000000,3.0e6,0.0,0.0,0.001,0.0,0.001,0.0,200000,0,0,0,0,0,377.5367810314538,1138.527889034822,698.3192186844227,2293.1174036809684,hard,5.0
40,2,0.01,1.0,1000000,1.0e7,5.0e-5,5.0e-5,0.0,0.0,0.0,0.0,200000,709.306224585549,1033.6643932215343,3200.5273212867833,630.3142323679122,357.39869056668545,4996.678627631266,57601.3071292235,5233.8072988258655,55265.058223974556,hard,5.0
40,2,0.01,1.0,1000000,8.0e6,0.0001,0.0001,0.0,0.0,0.0,0.0,200000,346.422484431334,1857.8120921105447,30456.194034742708,365.034939161039,45.32753371030883,2703.760608159288,23325.966495788598,2696.9199310833856,22390.197202549603,hard,5.0
40,2,0.01,1.0,1000000,6.0e6,0.0005,0.0005,0.0,0.0,0.0,0.0,200000,0,49816.848936170216,0,32.719298245614034,0,593.7441711509081,3590.8388584601125,563.960756243752,3414.3693572085517,hard,5.0
40,2,0.01,1.0,1000000,4.0e6,0.001,0.001,0.0,0.0,0.0,0.0,200000,0,0,0,0,0,316.66825077131006,1263.6118594405216,301.9096735136423,1202.1155813467424,hard,5.0
40,2,0.01,1.0,1000000,2.0e6,0.0,0.0,5.0e-5,0.0,5.0e-5,0.0,200000,6961.5738522092115,961.688537992572,1091.0516730826178,818.006977676151,787.3154308067973,7381.967280241168,17462.76115923455,7592.75547085469,17301.111227702953,hard,5.0
40,2,0.01,1.0,1000000,4.0e6,0.0,0.0,5.0e-5,0.0,5.0e-5,0.0,200000,3645.8361127790818,974.911541645227,1408.1013155739943,721.0396420591753,652.892573383359,5979.00759472616,27861.81487894448,6106.5670937594,26715.232100695408,hard,5.0
40,2,0.01,1.0,1000000,8.0e6,0.0,0.0,5.0e-5,0.0,5.0e-5,0.0,200000,1507.060026281209,982.3051190410733,2093.5307566970932,681.479318950696,528.8968506314724,5445.618721623018,50748.06294691205,5598.654978096945,47935.33755409129,hard,5.0
40,2,0.01,1.0,1000000,5.0e6,0.0,0.0,0.0001,0.0,0.0001,0.0,200000,907.5610143775739,1651.5978112734408,5023.083411603207,399.985192021599,216.50951602111368,3029.4499991009116,16526.288914980792,2826.389712593371,15001.707269275073,hard,5.0
40,2,0.01,1.0,1000000,3.0e6,0.0,0.0,0.0005,0.0,0.0005,0.0,200000,0,35740.84034010392,0,41.884696016771485,0,730.5053677711215,2227.1322688023497,916.9505817186644,2972.3492906347924,hard,5.0
40,2,0.01,1.0,1000000,1.0e6,0.0,0.0,0.001,0.0,0.001,0.0,200000,832.6666666666666,61288.77777777778,90148.0,0,0,565.6108467476421,575.7207811589841,971.0146668645381,1074.0917237423484,hard,5.0
40,2,0.01,1.0,1000000,6.0e6,0.0,0.0,0.001,0.0,0.001,0.0,200000,0,0,0,0,0,329.0469488646533,1975.826571018943,630.0542884638776,4126.746958391553,hard,5.0
40,2,0.01,1.0,1000000,2.0e6,0.0001,0.0001,0.0,0.0,0.0,0.0,200000,2807.4016411516413,1504.5627169125535,2022.9394411894411,408.21456339141184,350.55066016073476,3557.9680735738516,7756.221367588924,3476.62144514255,7383.303821425067,hard,5.0
40,2,0.01,1.0,1000000,1.0e7,0.0001,0.0001,0.0,0.0,0.0,0.0,200000,274.02255639097746,1890.1526272144743,54220.06516290727,363.58735220077807,7.078740157480315,2645.539654651645,28488.856288173753,2637.3585672224935,27308.601771035606,hard,5.0
40,2,0.01,1.0,1000000,8.0e6,0.0005,0.0005,0.0,0.0,0.0,0.0,200000,0,54320.47519582245,0,31.67910447761194,0,569.8643074344692,4599.504774497014,551.8148324579313,4462.439153058246,hard,5.0
40,2,0.01,1.0,1000000,7.0e6,0.001,0.001,0.0,0.0,0.0,0.0,200000,0,0,0,0,0,289.3340851624306,2010.895302164039,278.2854794192423,1936.076645951827,hard,5.0
40,2,0.01,1.0,1000000,1.0e6,0.0,0.0,5.0e-5,0.0,5.0e-5,0.0,200000,10990.579092877077,999.1676103280729,939.6534955596417,1049.405754169541,1059.1629448111405,9926.588794046942,12247.25979449278,10083.34548501039,12370.141436256514,hard,5.0
40,2,0.01,1.0,1000000,3.0e6,0.0,0.0,5.0e-5,0.0,5.0e-5,0.0,200000,4882.576958018246,960.3289683520137,1242.2803475234475,747.5579524597222,697.4022979592364,6455.043442336954,22625.167911362707,6640.721680865084,22064.552446474772,hard,5.0
40,2,0.01,1.0,1000000,6.0e6,0.0,0.0,5.0e-5,0.0,5.0e-5,0.0,200000,2258.078063845401,972.9934905712244,1713.3643285225048,691.4788332501525,585.2925821625302,5629.182789761752,39321.99741034771,5772.3147418325,37256.67535793844,hard,5.0
40,2,0.01,1.0,1000000,2.0e6,0.0,0.0,0.0001,0.0,0.0001,0.0,200000,3034.57866998994,1429.517138378365,1877.7471809732588,442.80700923514087,389.9728202245484,3807.3859798667722,8345.513823248542,3625.5727582093427,7847.276263418187,hard,5.0
40,2,0.01,1.0,1000000,1.0e7,0.0,0.0,0.0001,0.0,0.0001,0.0,200000,318.37603591160223,1779.2599069794398,30815.226519337015,390.7906267860545,47.46357308584687,2812.560901983502,30550.867050795154,2633.6906833910416,27729.70441571482,hard,5.0
40,2,0.01,1.0,1000000,8.0e6,0.0,0.0,0.0005,0.0,0.0005,0.0,200000,0,45438.555194805194,0,38.1703056768559,0,614.9534449774325,4971.995471169106,768.1838715288377,6625.322624709124,hard,5.0
40,2,0.01,1.0,1000000,7.0e6,0.0,0.0,0.001,0.0,0.001,0.0,200000,0,0,0,0,0,322.0551319859734,2254.2046467791583,617.8464355032081,4747.222894573022,hard,5.0
40,2,0.01,1.0,1000000,8.0e6,5.0e-5,5.0e-5,0.0,0.0,0.0,0.0,200000,1107.5854497354496,1019.4542552958923,2385.5787414965985,634.7508874826362,436.82000383582664,5072.319886522767,46773.17003384728,5269.009312749352,44668.032797066,hard,5.0
40,2,0.01,1.0,1000000,6.0e6,0.0001,0.0001,0.0,0.0,0.0,0.0,200000,582.8347587289132,1804.4295221249204,10552.222518634759,367.92766013608633,109.21295445048057,2798.088599457123,18131.023373016575,2779.554810603655,17282.446421155873,hard,5.0
40,2,0.01,1.0,1000000,4.0e6,0.0005,0.0005,0.0,0.0,0.0,0.0,200000,0,48034.31066460587,0,31.73665480427046,0,638.3466307462564,2579.929800324131,604.9860635644641,2448.2348734080074,hard,5.0
40,2,0.01,1.0,1000000,2.0e6,0.001,0.001,0.0,0.0,0.0,0.0,200000,0,0,0,0,0,382.2521233409052,765.7322879603839,360.5636898928799,728.7064873896296,hard,5.0
40,2,0.01,1.0,1000000,9.0e6,0.001,0.001,0.0,0.0,0.0,0.0,200000,0,0,0,0,0,281.86015400538935,2517.5467713785474,273.7107264319387,2461.2997267522815,hard,5.0
40,2,0.01,1.0,1000000,9.0e6,0.0,0.0,0.0001,0.0,0.0001,0.0,200000,371.8142337861106,1752.7398679139865,21725.35029653721,390.9349781956739,68.74516853932585,2840.087628428228,27791.774028963264,2678.337228749616,25473.7641208743,hard,5.0
40,2,0.01,1.0,1000000,7.0e6,0.0,0.0,0.0005,0.0,0.0005,0.0,200000,0,44893.581330868765,0,43.44722719141324,0,630.8287633573472,4471.7184180747945,783.0990760292609,5933.4442605698705,hard,5.0
40,2,0.01,1.0,1000000,5.0e6,0.0,0.0,0.001,0.0,0.001,0.0,200000,0,0,0,0,0,338.30908395751993,1695.1590089734384,637.5832345409559,3482.8341512734964,hard,5.0
40,2,0.01,1.0,500000,500000.0,5.0e-5,5.0e-5,0.0,0.0,0.0,0.0,200000,10388.89795690936,856.6915058431995,735.8514075614647,2078.338135642584,2121.5793073560444,10298.257660436188,18423.918985635188,10508.432836393913,18322.27731214752,hard,5.0
40,2,0.01,1.0,500000,4.5e6,5.0e-5,5.0e-5,0.0,0.0,0.0,0.0,200000,1898.3304205416155,580.0460866977483,930.5827854853426,938.4684194741577,855.1371213373315,4590.480186309225,52178.99179680834,5024.291059594942,50254.607947762204,hard,5.0
40,2,0.01,1.0,500000,3.5e6,0.0001,0.0001,0.0,0.0,0.0,0.0,200000,740.1969752131307,864.0645950195066,1837.7431397236169,622.8776084958245,466.23717053252074,2421.6906463243467,19820.23927602749,2583.0761609858587,19133.6996502102,hard,5.0
40,2,0.01,1.0,500000,2.5e6,0.0005,0.0005,0.0,0.0,0.0,0.0,200000,588.0,4339.176918199112,48844.0,124.5033862139345,0,570.7644640149193,2932.28653265671,547.9836726701147,2792.9835147885733,hard,5.0
40,2,0.01,1.0,500000,1.5e6,0.001,0.001,0.0,0.0,0.0,0.0,200000,0,24679.859702187063,0,30.827615537283812,0,329.93242177841614,995.0515703158796,315.4047227683919,950.8536321209599,hard,5.0
40,2,0.01,1.0,500000,500000.0,0.0,0.0,5.0e-5,0.0,5.0e-5,0.0,52070,11085.555347091933,801.9475225225225,690.8452269283498,2045.0860446570973,2082.2893187552563,10348.78756601967,17635.220688706722,10679.634718340352,17813.366230224285,hard,5.0
40,2,0.01,1.0,500000,500000.0,0.0,0.0,0.0001,0.0,0.0001,0.0,200000,5558.019914185978,854.1127533574509,804.5099864262168,1053.9440552441954,1064.0429452356482,4968.7125173074655,6162.732903581687,5008.682663455432,6200.413014572071,hard,5.0
40,2,0.01,1.0,500000,4.5e6,0.0,0.0,0.0001,0.0,0.0001,0.0,200000,638.5242667568253,845.0458711994818,2065.0031611332747,656.9600648772672,493.3043545292586,2526.7039563801386,26876.916587266227,2648.3288250453297,25561.996341852915,hard,5.0
40,2,0.01,1.0,500000,3.5e6,0.0,0.0,0.0005,0.0,0.0005,0.0,200000,0,4026.2803330801476,0,144.64391520694912,0,582.5592103165495,4204.609804012982,613.4597035720375,4742.088127249709,hard,5.0
40,2,0.01,1.0,500000,3.0e6,0.0,0.0,0.001,0.0,0.001,0.0,200000,0,21690.52245425984,0,42.01360397322392,0,312.0357661741746,1885.1555518354646,436.9846399090635,2958.3486891482567,hard,5.0
40,2,0.01,1.0,500000,1.0e6,5.0e-5,5.0e-5,0.0,0.0,0.0,0.0,200000,7480.67739586564,693.4480708582165,717.5346350409255,1366.361890554011,1352.7977895583206,7262.971204255538,21326.5561091813,7780.2242796750115,21641.31202687876,hard,5.0
40,2,0.01,1.0,500000,500000.0,0.0001,0.0001,0.0,0.0,0.0,0.0,200000,5323.076202772984,877.8900680841633,828.7478163304701,1017.9866116380542,1031.9409679933747,4888.114716022637,6123.180925417795,4870.170058383618,6020.282229296962,hard,5.0
40,2,0.01,1.0,500000,4.0e6,0.0001,0.0001,0.0,0.0,0.0,0.0,200000,580.8099014860578,872.0819369207278,2099.320938387043,617.6347324167263,429.99238707494504,2371.489547325988,22189.996132508404,2497.8726630776528,21172.891757446334,hard,5.0
40,2,0.01,1.0,500000,3.0e6,0.0005,0.0005,0.0,0.0,0.0,0.0,200000,0,4532.130149724192,0,124.02110195508159,0,557.5504802885398,3430.4823898727877,528.0607862717742,3217.4036709598245,hard,5.0
40,2,0.01,1.0,500000,2.0e6,0.001,0.001,0.0,0.0,0.0,0.0,200000,0,27290.966216216217,0,30.54860639021074,0,307.7472269096077,1234.207960190827,295.5410579128627,1182.3232835457093,hard,5.0
40,2,0.01,1.0,500000,1.0e6,0.0,0.0,5.0e-5,0.0,5.0e-5,0.0,41440,8111.909084590255,664.1817928730512,678.8793438976925,1402.6020753606124,1392.8425925925926,7832.6529849702265,23431.12582472976,8745.795022433811,24376.00670184031,hard,5.0
40,2,0.01,1.0,500000,4.5e6,0.0,0.0,5.0e-5,0.0,5.0e-5,0.0,16544,2341.8761158681,547.3134373125375,861.5786885245901,950.7764945652174,871.9845043515177,5220.752256683294,60788.98154887778,6215.153658373748,63378.16364003558,hard,5.0
40,2,0.01,1.0,500000,3.0e6,0.0,0.0,0.0001,0.0,0.0001,0.0,200000,1159.8590349399406,834.5741382706323,1512.461916697484,673.179366812227,571.494247622212,2671.282824981169,18934.35357920192,2790.2586883637005,18114.691632531176,hard,5.0
40,2,0.01,1.0,500000,2.0e6,0.0,0.0,0.0005,0.0,0.0005,0.0,200000,310.93169398907105,3562.329337147121,53865.76775956284,147.30703868103996,16.089430894308943,635.8702831036461,2632.3865194082696,669.5130253554013,2956.8069422781364,hard,5.0
40,2,0.01,1.0,500000,1.0e6,0.0,0.0,0.001,0.0,0.001,0.0,200000,399.4270833333333,13512.04417752443,64192.90625,48.48087129588678,6.1,404.5815832064465,824.0775070210145,570.4593698439976,1294.691664725456,hard,5.0
40,2,0.01,1.0,500000,4.0e6,0.0,0.0,0.001,0.0,0.001,0.0,200000,0,22807.39955037809,0,40.02233009708738,0,300.8784753024855,2420.307112816535,434.55481162410706,3914.163515126393,hard,5.0
40,2,0.01,1.0,500000,1.5e6,5.0e-5,5.0e-5,0.0,0.0,0.0,0.0,200000,5681.84344704647,642.2367541091697,736.6470868333658,1164.608636752543,1135.691990039939,6034.978149179598,24285.703759484983,6410.606442305894,24004.904436228746,hard,5.0
40,2,0.01,1.0,500000,1.5e6,0.0001,0.0001,0.0,0.0,0.0,0.0,200000,2270.2125562901765,846.012228043513,1124.0979133962026,687.7743460034665,629.3873929079326,2914.3513090873835,10240.999755690273,3060.9923242455607,10042.905109365673,hard,5.0
40,2,0.01,1.0,500000,5.0e6,0.0001,0.0001,0.0,0.0,0.0,0.0,200000,373.08778537611784,877.6540514266271,2813.5146554445028,610.813126316305,350.92121082468714,2319.498676852663,27125.19923090932,2483.699976019015,26162.110825743137,hard,5.0
40,2,0.01,1.0,500000,3.5e6,0.0005,0.0005,0.0,0.0,0.0,0.0,200000,0,4646.3189329021825,0,124.70495936307846,0,545.8609251916307,3910.352648346377,533.5174534104347,3807.083686099006,hard,5.0
40,2,0.01,1.0,500000,3.0e6,0.001,0.001,0.0,0.0,0.0,0.0,200000,0,30387.145908642786,0,28.41217391304348,0,286.9799239336296,1723.939313080107,274.14261775104654,1644.5465035846635,hard,5.0
40,2,0.01,1.0,500000,1.5e6,0.0,0.0,5.0e-5,0.0,5.0e-5,0.0,61634,6336.907129614024,620.6519445466814,701.8800775324456,1231.7125417141892,1208.613236319275,6724.456494751779,28245.31514429305,7538.59400203183,29030.529484001523,hard,5.0
40,2,0.01,1.0,500000,1.5e6,0.0,0.0,0.0001,0.0,0.0001,0.0,200000,2502.9553709116853,815.5432414148247,1075.024662232145,734.303449118129,686.1951599043128,3140.4813697495556,11134.72553239535,3271.45897453153,10897.478131525357,hard,5.0
40,2,0.01,1.0,500000,500000.0,0.0,0.0,0.0005,0.0,0.0005,0.0,200000,1212.5761141533578,1994.1358534806914,2001.5624124424621,186.619044865029,180.51569954028972,1076.32585042679,1124.8003601790836,1148.9540512330739,1288.134534394001,hard,5.0
40,2,0.01,1.0,500000,4.5e6,0.0,0.0,0.0005,0.0,0.0005,0.0,200000,0,4190.976702561545,0,142.7304885739167,0,565.8841945240287,5244.787919196447,602.423129902059,5990.273182276917,hard,5.0
40,2,0.01,1.0,500000,4.5e6,0.0,0.0,0.001,0.0,0.001,0.0,200000,0,23664.326675257733,0,40.384020618556704,0,294.3466203697083,2663.4800590327377,415.8233713227861,4223.778931669306,hard,5.0
40,2,0.01,1.0,500000,2.0e6,5.0e-5,5.0e-5,0.0,0.0,0.0,0.0,200000,4502.618461610861,619.4255617667204,766.1468034541989,1073.87211660612,1034.447754636776,5412.503846986678,28163.49566284309,5868.767166588592,27862.26513157205,hard,5.0
40,2,0.01,1.0,500000,5.0e6,5.0e-5,5.0e-5,0.0,0.0,0.0,0.0,200000,1634.1359546699225,582.8143894846074,973.6941168102989,930.1196454359842,833.6173560344106,4505.219214382837,56853.0246382399,4912.603941609837,54308.43222286254,hard,5.0
40,2,0.01,1.0,500000,500000.0,0.0005,0.0005,0.0,0.0,0.0,0.0,200000,1178.4378575469918,2210.5885246412004,2232.374520711547,159.65182313825596,159.433021509482,1014.491454419548,1054.3502040103108,976.3483945245389,1014.9458148625059,hard,5.0
40,2,0.01,1.0,500000,4.0e6,0.0005,0.0005,0.0,0.0,0.0,0.0,200000,0,4772.468460358738,0,122.7701786814541,0,536.6318987200339,4396.0613787683815,521.3212177565958,4226.311578165471,hard,5.0
40,2,0.01,1.0,500000,3.5e6,0.001,0.001,0.0,0.0,0.0,0.0,200000,0,32555.166233766235,0,29.251396648044693,0,279.717810449554,1956.036837420946,265.779544038956,1868.9794196099735,hard,5.0
40,2,0.01,1.0,500000,2.0e6,0.0,0.0,5.0e-5,0.0,5.0e-5,0.0,59328,5069.752951131796,599.4523164022008,732.7982738195972,1135.2324088552382,1101.526776338817,5983.8606935646485,32284.447260075143,6877.524102990883,33546.10908609646,hard,5.0
40,2,0.01,1.0,500000,1.0e6,0.0,0.0,0.0001,0.0,0.0001,0.0,200000,3532.9451440053585,817.0064482140975,939.8236883232864,802.4402103473919,774.2042567567568,3645.9182987423983,8709.160267996673,3761.3848840650053,8664.29717117819,hard,5.0
40,2,0.01,1.0,500000,5.0e6,0.0,0.0,0.0001,0.0,0.0001,0.0,200000,535.7023291388196,839.8298240834436,2288.7642816819334,649.531589474097,463.57550846987976,2500.639846640238,29565.089365604974,2614.0789875941764,28027.796898698216,hard,5.0
40,2,0.01,1.0,500000,4.0e6,0.0,0.0,0.0005,0.0,0.0005,0.0,200000,0,4128.38976286871,0,141.20434911242603,0,573.146901644132,4724.173375446626,606.1706985323823,5351.47407740794,hard,5.0
40,2,0.01,1.0,500000,3.5e6,0.0,0.0,0.001,0.0,0.001,0.0,200000,0,22267.017787333854,0,42.874654377880184,0,305.38900798202775,2149.23984957938,446.4857281665985,3520.9932854563867,hard,5.0
40,2,0.01,1.0,500000,2.5e6,5.0e-5,5.0e-5,0.0,0.0,0.0,0.0,200000,3672.84337238049,602.7381586345168,792.5635498255585,1023.2776428808284,973.5674383903383,5142.243590654706,32950.914420679444,5563.782618896063,32151.27610900867,hard,5.0
40,2,0.01,1.0,500000,2.5e6,0.0001,0.0001,0.0,0.0,0.0,0.0,200000,1233.9880127000583,853.3443546817208,1441.128463312858,637.675078462142,533.3958840625246,2543.2174210569783,14869.413502064213,2675.155919309729,14295.373970018993,hard,5.0
40,2,0.01,1.0,500000,1.5e6,0.0005,0.0005,0.0,0.0,0.0,0.0,200000,366.0790598290598,3717.730250283242,43421.94017094017,130.7308702964053,18.191463414634146,639.5128115360227,1976.6332871007492,608.6612220038365,1865.0799755942212,hard,5.0
40,2,0.01,1.0,500000,500000.0,0.001,0.001,0.0,0.0,0.0,0.0,200000,752.8693396641168,11557.978799185888,11995.266813186814,36.41100617508173,34.818310523832,513.3963914196703,523.6844427340593,493.28196528538507,501.2853564348305,hard,5.0
40,2,0.01,1.0,500000,2.5e6,0.001,0.001,0.0,0.0,0.0,0.0,200000,0,30121.50582310356,0,29.636138613861387,0,294.64808090997406,1474.3209971875306,279.72101265390023,1400.8266227954912,hard,5.0
40,2,0.01,1.0,500000,2.5e6,0.0,0.0,5.0e-5,0.0,5.0e-5,0.0,74303,4289.0077738281125,585.3365472352333,762.6025713431447,1090.9240451118449,1058.624228368746,5678.853349482836,37275.18823515756,6432.915078270909,37839.07981844312,hard,5.0
40,2,0.01,1.0,500000,2.5e6,0.0,0.0,0.0001,0.0,0.0001,0.0,200000,1452.2864781491003,831.8053022059551,1357.8390231362469,684.0459276243645,601.5872630485588,2748.2443368025392,16217.036395532514,2866.065948412659,15525.590518859084,hard,5.0
40,2,0.01,1.0,500000,1.5e6,0.0,0.0,0.0005,0.0,0.0005,0.0,200000,366.4261697954609,3236.495756590827,27957.525357242925,149.13590203106332,31.85653409090909,687.6033935513744,2135.347387807251,721.3388728948769,2386.6561163010797,hard,5.0
40,2,0.01,1.0,500000,500000.0,0.0,0.0,0.001,0.0,0.001,0.0,200000,735.2812865497076,7781.939749137317,8278.910185943165,54.57023516621846,47.15316750398235,553.7609194971427,567.5977828595411,759.1657634620456,866.4701571082943,hard,5.0
40,2,0.01,1.0,500000,2.5e6,0.0,0.0,0.001,0.0,0.001,0.0,200000,0,20311.102666204984,0,42.87217443488698,0,319.79055398026514,1612.5140287109134,455.6495784136502,2572.1677300842775,hard,5.0
40,2,0.01,1.0,500000,3.0e6,5.0e-5,5.0e-5,0.0,0.0,0.0,0.0,200000,3044.409293355985,593.7690383402764,823.8295720648331,989.5616982252837,929.8536300037065,4895.707980891921,37269.46365778425,5312.566961596887,36136.24482023706,hard,5.0
40,2,0.01,1.0,500000,1.0e6,0.0001,0.0001,0.0,0.0,0.0,0.0,200000,3293.2433749283477,839.2344797525893,969.2391309140614,756.6588126974826,723.3057396370752,3428.360531023408,8108.727046695401,3560.0495893855395,8030.609124559585,hard,5.0
40,2,0.01,1.0,500000,4.5e6,0.0001,0.0001,0.0,0.0,0.0,0.0,200000,460.4946611985517,868.3232282247469,2401.0896142762135,611.4762196783864,388.0390800719748,2344.4503892205166,24671.30783988469,2481.1695643757753,23480.118119664425,hard,5.0
40,2,0.01,1.0,500000,4.5e6,0.0005,0.0005,0.0,0.0,0.0,0.0,200000,0,4857.44070496526,0,122.33531766753698,0,529.9072622939544,4880.100948976162,504.0616186560612,4634.371580156053,hard,5.0
40,2,0.01,1.0,500000,4.5e6,0.001,0.001,0.0,0.0,0.0,0.0,200000,0,33675.805696449475,0,29.478735005452563,0,273.47089706097717,2455.233168144085,265.5873429430866,2378.917277210788,hard,5.0
40,2,0.01,1.0,500000,3.0e6,0.0,0.0,5.0e-5,0.0,5.0e-5,0.0,39053,3633.151771653543,567.9471866034311,782.1103018372703,1042.0081600098165,1003.82081604426,5531.779903642382,43111.48504143107,6456.572288297493,44538.71014694633,hard,5.0
40,2,0.01,1.0,500000,5.0e6,0.0,0.0,5.0e-5,0.0,5.0e-5,0.0,30716,2148.4995083579156,562.7383567662566,918.8571683947087,977.2125660142901,913.7318408916218,5041.748329576247,64806.83402638141,5871.528074615301,65924.25414708034,hard,5.0
40,2,0.01,1.0,500000,4.0e6,0.0,0.0,0.0001,0.0,0.0001,0.0,200000,773.0634275035726,839.2358445273998,1860.7233467862247,659.9079114955126,520.9064849997616,2556.663453935348,24183.62961030506,2730.9123346378997,23439.41632770388,hard,5.0
40,2,0.01,1.0,500000,3.0e6,0.0,0.0,0.0005,0.0,0.0005,0.0,200000,241.0,3877.393770314193,73164.5,144.38765910348644,0,598.6176671458609,3708.4414767006715,645.6646928385769,4258.047409490311,hard,5.0
40,2,0.01,1.0,500000,2.0e6,0.0,0.0,0.001,0.0,0.001,0.0,200000,0,19033.341375528747,0,43.65007137758744,0,334.9979786759678,1354.281717001203,485.3340320972427,2201.9204844620986,hard,5.0
40,2,0.01,1.0,500000,3.5e6,5.0e-5,5.0e-5,0.0,0.0,0.0,0.0,200000,2577.379072291104,590.0229399796541,861.8854576729044,968.045600902379,900.7429260393975,4748.544655162499,42133.90273051476,5198.503684817408,41003.00848067041,hard,5.0
40,2,0.01,1.0,500000,2.0e6,0.0001,0.0001,0.0,0.0,0.0,0.0,200000,1650.1765192731345,853.0544472112044,1283.150411995959,655.9722384773315,576.2654673695334,2664.541410731305,12447.21919218175,2811.5734145700812,12088.006199378333,hard,5.0
40,2,0.01,1.0,500000,1.0e6,0.0005,0.0005,0.0,0.0,0.0,0.0,200000,561.5592988845891,3144.8276350791507,10396.645268988543,136.39117607914466,58.516735220582305,726.0333520001547,1502.7249458589665,699.3023302206452,1434.9816135535164,hard,5.0
40,2,0.01,1.0,500000,5.0e6,0.0005,0.0005,0.0,0.0,0.0,0.0,200000,0,4936.362089789158,0,122.47147061952552,0,523.8130849021379,5360.627223141674,495.1502150053538,5032.559843464789,hard,5.0
40,2,0.01,1.0,500000,5.0e6,0.001,0.001,0.0,0.0,0.0,0.0,200000,0,33343.20120481928,0,28.983606557377048,0,269.6680723908624,2687.3513099395673,254.5407069610197,2532.523461906481,hard,5.0
40,2,0.01,1.0,500000,3.5e6,0.0,0.0,5.0e-5,0.0,5.0e-5,0.0,78275,3162.187104769773,578.5523904992621,834.8060948870317,1035.6504426038198,995.1238228681286,5222.706073192503,47354.69356522761,6176.305900699306,49411.81132135389,hard,5.0
40,2,0.01,1.0,500000,3.5e6,0.0,0.0,0.0001,0.0,0.0001,0.0,200000,938.3011323064368,834.9145629165033,1669.5717116959577,666.1309994074659,545.6828808112969,2596.9296171021942,21482.407406844988,2673.7222672067596,20169.966387192468,hard,5.0
40,2,0.01,1.0,500000,2.5e6,0.0,0.0,0.0005,0.0,0.0005,0.0,200000,170.6153846153846,3754.4550967067435,84236.23076923077,143.87342582710778,0,611.9516046372082,3162.4054105277282,642.1712965528992,3549.489153733257,hard,5.0
40,2,0.01,1.0,500000,1.5e6,0.0,0.0,0.001,0.0,0.001,0.0,200000,0,16900.96210610291,0,44.66636997478119,0,358.2838820935168,1090.6366052096043,515.7351716706687,1758.7677874063106,hard,5.0
40,2,0.01,1.0,500000,4.0e6,5.0e-5,5.0e-5,0.0,0.0,0.0,0.0,200000,2210.751724699559,586.3891766315006,896.4755982642484,954.0665666528134,880.2402174295878,4665.895278593115,47215.585062931685,5103.851686202543,45554.46872326316,hard,5.0
40,2,0.01,1.0,500000,3.0e6,0.0001,0.0001,0.0,0.0,0.0,0.0,200000,952.1052088129823,862.9989588806508,1625.540324831166,628.7777810459439,498.2290655682203,2461.039111736096,17272.595849374327,2602.703432167198,16600.881947184553,hard,5.0
40,2,0.01,1.0,500000,2.0e6,0.0005,0.0005,0.0,0.0,0.0,0.0,200000,231.41379310344828,4074.238902729023,61841.55172413793,125.74559981472905,2.0,592.982727902778,2440.928533966455,562.9682003714989,2288.4565605601706,hard,5.0
40,2,0.01,1.0,500000,1.0e6,0.001,0.001,0.0,0.0,0.0,0.0,200000,684.0,20337.23349905709,71474.09090909091,31.516518298714143,0,372.8032408563604,752.7321553845215,355.84052002986886,722.4288037434053,hard,5.0
40,2,0.01,1.0,500000,4.0e6,0.001,0.001,0.0,0.0,0.0,0.0,200000,0,32979.28496634256,0,30.751159196290573,0,275.78115065049707,2205.13211192617,264.6925145279755,2106.3753196240355,hard,5.0
40,2,0.01,1.0,500000,4.0e6,0.0,0.0,5.0e-5,0.0,5.0e-5,0.0,59723,2765.3732765957448,572.7190481412435,860.77814654072,1019.38702637619,970.0122788486929,5204.71728855072,53797.26505260977,6147.295307768161,55643.02886810006,hard,5.0
40,2,0.01,1.0,500000,2.0e6,0.0,0.0,0.0001,0.0,0.0001,0.0,200000,1861.0007856029201,820.5213394680999,1212.4852066715011,699.7833230068155,634.4672035139092,2877.653810609451,13585.565282411044,2993.63174353311,13114.992673229317,hard,5.0
40,2,0.01,1.0,500000,1.0e6,0.0,0.0,0.0005,0.0,0.0005,0.0,200000,592.5362475071418,2772.078438603983,7615.079609766614,157.21989435925735,78.94919259551004,777.8650505135531,1620.0130966647014,830.4617154394457,1832.7665267536358,hard,5.0
40,2,0.01,1.0,500000,5.0e6,0.0,0.0,0.0005,0.0,0.0005,0.0,200000,0,4282.9964955370515,0,141.64255045083726,0,557.6652998606343,5742.287181405891,592.3332681209391,6518.319804725646,hard,5.0
40,2,0.01,1.0,500000,5.0e6,0.0,0.0,0.001,0.0,0.001,0.0,200000,0,23657.44650161464,0,41.22922044398555,0,293.43453204957484,2950.1783038800895,423.74976843985326,4796.715727336974,hard,5.0
40,2,0.01,1.0,5000000,5.0e7,5.0e-5,5.0e-5,0.0,0.0,0.0,0.0,200000,0,16821.82587159459,0,119.93363028953229,0,8138.557239472793,83474.10957283653,7750.956913515253,79380.73583961508,hard,5.0
40,2,0.01,1.0,5000000,4.5e7,0.0001,0.0001,0.0,0.0,0.0,0.0,200000,0,45670.5,0,0,0,3824.1067740112385,34897.38825730735,3620.1348629993113,33092.83256505385,hard,5.0
40,2,0.01,1.0,5000000,3.5e7,0.0005,0.0005,0.0,0.0,0.0,0.0,200000,0,0,0,0,0,623.79323724138,4363.487894359326,587.8330970424252,4116.322398269774,hard,5.0
40,2,0.01,1.0,5000000,3.0e7,0.001,0.001,0.0,0.0,0.0,0.0,200000,0,0,0,0,0,306.0714374933434,1812.6182714534095,288.9623660845096,1715.3478603672431,hard,5.0
40,2,0.01,1.0,5000000,1.0e7,0.0,0.0,0.0001,0.0,0.0001,0.0,200000,8236.0,48557.42323651452,137199.0,43.486486486486484,0,5260.079445091811,10726.375202851254,5114.135949045676,10617.682138785576,hard,5.0
40,2,0.01,1.0,5000000,4.5e7,0.0,0.0,0.0001,0.0,0.0001,0.0,200000,0,46451.36842105263,0,41.2,0,4107.6367908914635,37525.921538023525,4183.430514012192,38934.12477134653,hard,5.0
40,2,0.01,1.0,5000000,3.5e7,0.0,0.0,0.0005,0.0,0.0005,0.0,200000,0,0,0,0,0,729.3432895291369,5126.756983046667,2010.303803587605,14586.67695127381,hard,5.0
40,2,0.01,1.0,5000000,3.0e7,0.0,0.0,0.001,0.0,0.001,0.0,200000,0,0,0,0,0,362.46206744693035,2171.4544280893315,1141.4744337070554,7216.904349923994,hard,5.0
40,2,0.01,1.0,5000000,2.5e7,5.0e-5,5.0e-5,0.0,0.0,0.0,0.0,200000,0,15066.88149903718,0,122.05903010033445,0,8542.852744811009,43872.6902053034,8253.413826729946,42309.88605686079,hard,5.0
40,2,0.01,1.0,5000000,5.0e6,0.0001,0.0001,0.0,0.0,0.0,0.0,200000,7406.208041958042,38997.3309352518,43675.36363636364,32.33623188405797,40.16334661354582,6280.5792394589125,6432.370888214905,6019.745083489566,6160.097778733523,hard,5.0
40,2,0.01,1.0,5000000,3.5e7,0.0001,0.0001,0.0,0.0,0.0,0.0,200000,0,37640.0,0,0,0,3910.196141556091,27759.0890932641,3699.237500377836,26308.935810798164,hard,5.0
40,2,0.01,1.0,5000000,2.5e7,0.0005,0.0005,0.0,0.0,0.0,0.0,200000,0,0,0,0,0,655.9305026987222,3281.0050395960125,628.1700387054243,3154.5680589025214,hard,5.0
40,2,0.01,1.0,5000000,1.5e7,0.001,0.001,0.0,0.0,0.0,0.0,200000,0,0,0,0,0,348.7508243459504,1037.2325068409787,332.8274385742545,988.6575866965093,hard,5.0
40,2,0.01,1.0,5000000,1.0e7,0.0,0.0,5.0e-5,0.0,5.0e-5,0.0,200000,5737.258056927782,8370.901836255694,22117.246059750647,151.9158762585729,75.51961064987117,10477.010793254916,21699.629610064312,9643.282755120303,20136.77397324706,hard,5.0
40,2,0.01,1.0,5000000,2.5e7,0.0,0.0,5.0e-5,0.0,5.0e-5,0.0,200000,2813.5,12599.661902530459,46926.5,142.70498775615414,0,8957.910865995216,46087.44443318507,8294.13004951043,42976.01876082655,hard,5.0
40,2,0.01,1.0,5000000,5.0e7,0.0,0.0,5.0e-5,0.0,5.0e-5,0.0,200000,0,13904.853093868387,0,142.66650921114785,0,8655.596087472019,88940.7411023549,8028.1015716482225,83008.82006503122,hard,5.0
40,2,0.01,1.0,5000000,4.0e7,0.0,0.0,0.0001,0.0,0.0001,0.0,200000,0,41776.0,0,0,0,4140.511521863314,33636.457344507886,4122.979752298097,34118.85483299647,hard,5.0
40,2,0.01,1.0,5000000,3.0e7,0.0,0.0,0.0005,0.0,0.0005,0.0,200000,0,0,0,0,0,742.4554739681068,4473.014148964774,1963.2851787416316,12252.408031196137,hard,5.0
40,2,0.01,1.0,5000000,2.0e7,0.0,0.0,0.001,0.0,0.001,0.0,200000,0,0,0,0,0,387.0856855426616,1548.6166511963092,1207.8533514273845,5106.006883064996,hard,5.0
40,2,0.01,1.0,5000000,2.0e7,5.0e-5,5.0e-5,0.0,0.0,0.0,0.0,200000,3225.5,13565.906129504056,72193.5,126.56174944403261,0,8750.390913871213,35985.26564540178,8290.79803161205,34054.87922284463,hard,5.0
40,2,0.01,1.0,5000000,4.5e7,5.0e-5,5.0e-5,0.0,0.0,0.0,0.0,200000,0,17237.100819032763,0,118.57221206581353,0,8065.634072377998,74400.63882611267,7736.385551691541,71260.69375615688,hard,5.0
40,2,0.01,1.0,5000000,4.0e7,0.0001,0.0001,0.0,0.0,0.0,0.0,200000,0,56511.3,0,0,0,3878.8679669559297,31465.65091939474,3592.6068557528574,29251.500207119698,hard,5.0
40,2,0.01,1.0,5000000,3.0e7,0.0005,0.0005,0.0,0.0,0.0,0.0,200000,0,0,0,0,0,643.5118491139526,3861.408780368204,620.0102447597753,3714.991802762453,hard,5.0
40,2,0.01,1.0,5000000,2.0e7,0.001,0.001,0.0,0.0,0.0,0.0,200000,0,0,0,0,0,328.2011988611817,1299.335364717136,317.2331641377743,1248.772611796519,hard,5.0
40,2,0.01,1.0,5000000,5.0e7,0.0,0.0,0.0001,0.0,0.0001,0.0,200000,0,52760.17647058824,0,0,0,4105.339652108428,41686.305133894566,4124.013400630674,42593.57421674304,hard,5.0
40,2,0.01,1.0,5000000,4.5e7,0.0,0.0,0.0005,0.0,0.0005,0.0,200000,0,0,0,0,0,707.2869289306736,6388.308141728915,1830.3039614550735,17095.536852614914,hard,5.0
40,2,0.01,1.0,5000000,4.5e7,0.0,0.0,0.001,0.0,0.001,0.0,200000,0,0,0,0,0,344.93841987574115,3100.7703529735168,1101.6010237933465,10485.715890833852,hard,5.0
40,2,0.01,1.0,5000000,3.0e7,0.0001,0.0001,0.0,0.0,0.0,0.0,200000,0,50679.333333333336,0,78.0,0,3946.640300904801,24026.552869044746,3772.8351498690463,22957.965835341587,hard,5.0
40,2,0.01,1.0,5000000,2.0e7,0.0005,0.0005,0.0,0.0,0.0,0.0,200000,0,0,0,0,0,683.4686528234755,2736.25648172819,660.2146218195696,2646.406591104955,hard,5.0
40,2,0.01,1.0,5000000,1.0e7,0.001,0.001,0.0,0.0,0.0,0.0,200000,0,0,0,0,0,393.0589000156545,782.0573887459122,379.4711566436197,755.5552206819808,hard,5.0
40,2,0.01,1.0,5000000,4.0e7,0.001,0.001,0.0,0.0,0.0,0.0,200000,0,0,0,0,0,296.12149196747987,2335.809773075504,276.5119090232608,2169.504470082287,hard,5.0
40,2,0.01,1.0,5000000,2.5e7,0.0,0.0,0.0001,0.0,0.0001,0.0,200000,0,50347.65714285714,0,7.0,0,4427.934735785925,22489.50768478055,4609.483073222538,23827.61186751227,hard,5.0
40,2,0.01,1.0,5000000,1.5e7,0.0,0.0,0.0005,0.0,0.0005,0.0,200000,0,0,0,0,0,835.9224539349445,2521.7895335823855,2048.0189122209295,6380.43027201258,hard,5.0
40,2,0.01,1.0,5000000,5.0e6,0.0,0.0,0.001,0.0,0.001,0.0,200000,0,0,0,0,0,603.7631493516991,609.6860299000908,1649.9631518208712,1750.2727233670516,hard,5.0
40,2,0.01,1.0,5000000,2.5e7,0.0,0.0,0.001,0.0,0.001,0.0,200000,0,0,0,0,0,369.4735691644475,1846.172059133151,1152.9779820340977,6075.992371289788,hard,5.0
40,2,0.01,1.0,5000000,5.0e6,5.0e-5,5.0e-5,0.0,0.0,0.0,0.0,200000,11415.630314784425,6195.315362099896,6503.048881153655,148.5574943632977,148.79218830832903,12242.987668406206,12780.861446194069,11682.691425760571,12187.126392999418,hard,5.0
40,2,0.01,1.0,5000000,1.5e7,5.0e-5,5.0e-5,0.0,0.0,0.0,0.0,200000,3198.5137614678897,12601.630210147452,53168.10091743119,125.27504786215698,14.5,9170.46131864905,28315.023546514596,8614.008778707115,26524.198662375933,hard,5.0
40,2,0.01,1.0,5000000,3.5e7,5.0e-5,5.0e-5,0.0,0.0,0.0,0.0,200000,0,16317.839629240993,0,122.85399838449112,0,8259.998182125633,59333.44126536425,8009.052527341824,57462.07821003042,hard,5.0
40,2,0.01,1.0,5000000,2.0e7,0.0001,0.0001,0.0,0.0,0.0,0.0,200000,0,45156.625,0,0,0,4203.17776766641,17064.8422626248,3989.3046826001923,16178.035394418524,hard,5.0
40,2,0.01,1.0,5000000,1.0e7,0.0005,0.0005,0.0,0.0,0.0,0.0,200000,0,0,0,0,0,816.6307652932354,1637.5773314174874,771.3545010858096,1546.3029628680358,hard,5.0
40,2,0.01,1.0,5000000,5.0e7,0.0005,0.0005,0.0,0.0,0.0,0.0,200000,0,0,0,0,0,599.791918627139,5989.43957816249,567.9464967448195,5674.799597715201,hard,5.0
40,2,0.01,1.0,5000000,5.0e7,0.001,0.001,0.0,0.0,0.0,0.0,200000,0,0,0,0,0,288.93755325867005,2849.7963365402775,277.9893861919584,2726.057299699374,hard,5.0
40,2,0.01,1.0,5000000,5.0e6,0.0,0.0,5.0e-5,0.0,5.0e-5,0.0,200000,12045.491670455955,5260.266017874876,5472.604026290769,174.81008403361344,169.8652770065354,13057.033735380233,13650.00883389488,12425.861230154078,13115.003438847467,hard,5.0
40,2,0.01,1.0,5000000,1.5e7,0.0,0.0,5.0e-5,0.0,5.0e-5,0.0,200000,3531.9679144385027,10236.70010885341,47630.94385026738,146.40585651537336,26.796875,9632.267424127303,29803.516276056514,8778.136858363021,27338.086502571045,hard,5.0
40,2,0.01,1.0,5000000,3.0e7,0.0,0.0,5.0e-5,0.0,5.0e-5,0.0,200000,0,12644.892358158182,0,143.5030181086519,0,8849.494021580327,54619.49316852285,8175.925736960965,50865.80263876086,hard,5.0
40,2,0.01,1.0,5000000,5.0e6,0.0,0.0,0.0001,0.0,0.0001,0.0,200000,7550.834476003918,35924.441197954715,39845.016650342804,49.262111801242234,44.38949275362319,6567.235612797187,6731.120952174587,6471.636278698619,6755.081270517101,hard,5.0
40,2,0.01,1.0,5000000,3.0e7,0.0,0.0,0.0001,0.0,0.0001,0.0,200000,0,37061.666666666664,0,9.0,0,4287.736056169136,26135.793013041573,4321.432376929981,26825.0491018885,hard,5.0
40,2,0.01,1.0,5000000,2.0e7,0.0,0.0,0.0005,0.0,0.0005,0.0,200000,0,0,0,0,0,783.9564340972045,3149.680584171795,1974.7366588774703,8209.19568477124,hard,5.0
40,2,0.01,1.0,5000000,1.0e7,0.0,0.0,0.001,0.0,0.001,0.0,200000,0,0,0,0,0,459.95463836988006,923.7945192365681,1380.8159631706296,2915.71478639426,hard,5.0
40,2,0.01,1.0,5000000,4.0e7,0.0,0.0,0.001,0.0,0.001,0.0,200000,0,0,0,0,0,344.9337060120837,2754.3059986454095,1054.0001872358591,8945.372540252185,hard,5.0
40,2,0.01,1.0,5000000,1.0e7,5.0e-5,5.0e-5,0.0,0.0,0.0,0.0,200000,5643.264506405426,9999.645391274826,28626.11680482291,132.70192657215557,58.659137577002056,9904.696895853102,20460.78008887018,9439.526279062406,19483.491109147886,hard,5.0
40,2,0.01,1.0,5000000,3.0e7,5.0e-5,5.0e-5,0.0,0.0,0.0,0.0,200000,0,15347.829814665592,0,122.73708402279831,0,8444.142422835077,52009.924596011755,8011.561864909437,49315.857340367635,hard,5.0
40,2,0.01,1.0,5000000,1.0e7,0.0001,0.0001,0.0,0.0,0.0,0.0,200000,0,57741.03125,0,17.166666666666668,0,4948.611848436057,10077.387483554114,4653.872552738685,9488.787644917462,hard,5.0
40,2,0.01,1.0,5000000,5.0e7,0.0001,0.0001,0.0,0.0,0.0,0.0,200000,0,28263.571428571428,0,0,0,3775.204153541038,38280.28152956356,3546.943849103568,35987.541095635555,hard,5.0
40,2,0.01,1.0,5000000,4.0e7,0.0005,0.0005,0.0,0.0,0.0,0.0,200000,0,0,0,0,0,615.6885519380072,4924.275339556706,591.4640026010808,4724.207748764875,hard,5.0
40,2,0.01,1.0,5000000,3.5e7,0.001,0.001,0.0,0.0,0.0,0.0,200000,0,0,0,0,0,300.1195808474013,2072.9490094804405,288.22626098388105,1990.399558895285,hard,5.0
40,2,0.01,1.0,5000000,3.5e7,0.0,0.0,5.0e-5,0.0,5.0e-5,0.0,200000,0,13247.32042844238,0,141.55921995985088,0,8764.163732756888,63072.125850145494,8007.746466801835,58049.10673414445,hard,5.0
40,2,0.01,1.0,5000000,1.5e7,0.0,0.0,0.0001,0.0,0.0001,0.0,200000,0,48414.25742574257,0,66.64,0,4761.369669282517,14529.17451379393,4677.794075329996,14493.175985661783,hard,5.0
40,2,0.01,1.0,5000000,5.0e6,0.0,0.0,0.0005,0.0,0.0005,0.0,200000,0,0,0,0,0,1224.6757203374818,1235.175695189769,2667.207110536751,2789.5243217468437,hard,5.0
40,2,0.01,1.0,5000000,4.0e7,0.0,0.0,0.0005,0.0,0.0005,0.0,200000,0,0,0,0,0,716.2674649385932,5749.395188939017,1943.2720650944611,16149.371488787787,hard,5.0
40,2,0.01,1.0,5000000,3.5e7,0.0,0.0,0.001,0.0,0.001,0.0,200000,0,0,0,0,0,351.54632596524067,2457.5734077947777,1064.7122080681172,7875.325030939317,hard,5.0
40,2,0.01,1.0,5000000,4.0e7,5.0e-5,5.0e-5,0.0,0.0,0.0,0.0,200000,0,16803.190903986524,0,123.41173903556623,0,8241.682375290715,67629.74858800153,7959.362317541811,65184.934739544966,hard,5.0
40,2,0.01,1.0,5000000,2.5e7,0.0001,0.0001,0.0,0.0,0.0,0.0,200000,0,35626.61538461538,0,0,0,4023.2360154749795,20418.171276121004,3806.2112209824086,19302.54721210586,hard,5.0
40,2,0.01,1.0,5000000,1.5e7,0.0005,0.0005,0.0,0.0,0.0,0.0,200000,0,0,0,0,0,730.0084521104533,2192.5589364426373,698.4818743643079,2092.9062731467,hard,5.0
40,2,0.01,1.0,5000000,5.0e6,0.001,0.001,0.0,0.0,0.0,0.0,200000,0,0,0,0,0,525.650104015359,527.2832857574125,494.4853881212044,493.87458105660454,hard,5.0
40,2,0.01,1.0,5000000,2.5e7,0.001,0.001,0.0,0.0,0.0,0.0,200000,0,0,0,0,0,315.27540813256877,1559.4704807856565,296.9568652465765,1472.5093359522696,hard,5.0
40,2,0.01,1.0,5000000,4.0e7,0.0,0.0,5.0e-5,0.0,5.0e-5,0.0,200000,0,13510.131494376004,0,140.17523155064237,0,8651.7660015097,71113.4967147248,7967.668627801414,66021.94160862625,hard,5.0
40,2,0.01,1.0,5000000,2.0e7,0.0,0.0,0.0001,0.0,0.0001,0.0,200000,0,44231.05454545454,0,34.416666666666664,0,4584.544381367049,18642.33070031449,4664.600118911372,19281.368282886007,hard,5.0
40,2,0.01,1.0,5000000,1.0e7,0.0,0.0,0.0005,0.0,0.0005,0.0,200000,0,0,0,0,0,940.9656952624196,1891.973358667667,2261.774239025143,4712.1070125373535,hard,5.0
40,2,0.01,1.0,5000000,5.0e7,0.0,0.0,0.0005,0.0,0.0005,0.0,200000,0,0,0,0,0,706.0256182051647,7084.634626644372,1903.4855824335257,19764.18252570017,hard,5.0
40,2,0.01,1.0,5000000,5.0e7,0.0,0.0,0.001,0.0,0.001,0.0,200000,0,0,0,0,0,343.38599059114495,3419.053113404118,1096.0616766357075,11551.303859508413,hard,5.0
40,2,0.01,1.0,5000000,1.5e7,0.0001,0.0001,0.0,0.0,0.0,0.0,200000,0,58817.166666666664,0,3.5,0,4442.3109415620675,13547.626759652347,4225.2944872836515,12881.801521487903,hard,5.0
40,2,0.01,1.0,5000000,5.0e6,0.0005,0.0005,0.0,0.0,0.0,0.0,200000,0,0,0,0,0,1080.6234255131344,1085.0073875716505,1043.8733493573986,1047.1707231887851,hard,5.0
40,2,0.01,1.0,5000000,4.5e7,0.0005,0.0005,0.0,0.0,0.0,0.0,200000,0,0,0,0,0,607.1713024900313,5456.998153851756,579.9116579567743,5230.155736480475,hard,5.0
40,2,0.01,1.0,5000000,4.5e7,0.001,0.001,0.0,0.0,0.0,0.0,200000,0,0,0,0,0,290.5217636783152,2580.629391636163,276.06554186539705,2448.364241889696,hard,5.0
40,2,0.01,1.0,5000000,2.0e7,0.0,0.0,5.0e-5,0.0,5.0e-5,0.0,200000,2303.0,11814.907595758494,45980.9,146.7086828115771,144.0,9218.31425153651,37984.99045033657,8514.7399337176,35326.237171247674,hard,5.0
40,2,0.01,1.0,5000000,4.5e7,0.0,0.0,5.0e-5,0.0,5.0e-5,0.0,200000,0,14134.217776507574,0,142.11384071933205,0,8681.818809026008,80261.93020893425,7970.351600265997,74216.60081840066,hard,5.0
40,2,0.01,1.0,5000000,3.5e7,0.0,0.0,0.0001,0.0,0.0001,0.0,200000,0,39777.95,0,3.6666666666666665,0,4182.83544475137,29722.816143776086,4250.734553130112,30744.375767035912,hard,5.0
40,2,0.01,1.0,5000000,2.5e7,0.0,0.0,0.0005,0.0,0.0005,0.0,200000,0,0,0,0,0,757.5386663746586,3803.554183368244,1976.1538770358757,10254.283759431511,hard,5.0
40,2,0.01,1.0,5000000,1.5e7,0.0,0.0,0.001,0.0,0.001,0.0,200000,0,0,0,0,0,409.4086788899029,1229.6604557670612,1242.8329324599829,3936.5307389808536,hard,5.0
