L,d,J,Jprop,NX,NY,rR_random,rH_random,rR_hosthost,rH_phagephage,rH_phagehost,rH_3body,GenePersisentTime,mean_establish_size,persTimeHost,persTimePhage,gapTimeHost,gapTimePhage,theta_GH,theta_GP,theta_gH,theta_gP,constraint,soft_threshold
30,2,0.005,1.0,1000000,1.0e6,0.0,0.0,0.0001,0.0,0.0001,0.0,200000,5682.6272770689775,3699.986888828189,3700.268472402265,552.9980294179745,551.2098157783715,5378.735703903818,5546.441718363262,5108.264171013314,5460.436895383572,hard,5.0
30,2,0.005,1.0,1000000,1.0e6,2.51188643150958e-5,2.51188643150958e-5,0.0,0.0,0.0,0.0,200000,20318.21825220537,1974.4934623766185,1915.4217173319794,2125.6980945473724,2146.225362224253,18820.527257393995,20793.184335284044,18758.394475847796,20696.626228500572,hard,5.0
30,2,0.005,1.0,1000000,1.0e6,0.000251188643150958,0.000251188643150958,0.0,0.0,0.0,0.0,200000,2673.5110169491527,26662.84458398744,26720.443220338984,76.10616438356165,67.94073139974779,2048.440670090195,2072.906160419724,1919.650126706075,1940.8138472382275,hard,5.0
30,2,0.005,1.0,1000000,1.0e6,0.0,0.0,0.000251188643150958,0.000251188643150958,0.0,0.0,200000,3089.733016304348,16552.800412229473,16213.158967391304,144.04756146715033,128.92194344882517,2371.2463482936923,2403.490117435366,3169.4283937344617,3410.975820236333,hard,5.0
30,2,0.005,1.0,1000000,1.0e6,0.0,0.0,0.00015848931924611134,0.0,0.00015848931924611134,0.0,200000,3728.41122176342,6819.568334937439,6851.535883424408,292.98692395582077,278.73679487179487,3447.7628094496527,3522.5476515697974,3502.491270731787,3770.063962273686,hard,5.0
30,2,0.005,1.0,1000000,1.0e6,0.0,0.0,3.98107170553497e-6,0.0,3.98107170553497e-6,0.0,55528,0,0,0,0,0,NaN,NaN,NaN,NaN,hard,5.0
30,2,0.005,1.0,1000000,1.0e6,0.0,0.0,0.00039810717055349724,0.0,0.00039810717055349724,0.0,200000,2018.126984126984,39817.717948717946,52406.857142857145,83.10714285714286,29.846153846153847,1423.9298899745052,1439.0734269303684,1989.759048687985,2170.832122176449,hard,5.0
30,2,0.005,1.0,1000000,1.0e6,0.0,0.0,3.98107170553497e-6,3.98107170553497e-6,0.0,0.0,55758,0,0,0,0,0,NaN,NaN,NaN,NaN,hard,5.0
30,2,0.005,1.0,1000000,1.0e6,0.0039810717055349725,0.0039810717055349725,0.0,0.0,0.0,0.0,200000,0,0,0,0,0,127.4315943828058,126.95545649291775,118.03462531288457,116.49477583566575,hard,5.0
30,2,0.005,1.0,1000000,1.0e6,0.0015848931924611134,0.0015848931924611134,0.0,0.0,0.0,0.0,200000,0,0,0,0,0,316.5602586972573,317.77667212076614,301.7963993039072,300.42099833671983,hard,5.0
30,2,0.005,1.0,1000000,1.0e6,0.0,0.0,3.981071705534972e-5,0.0,3.981071705534972e-5,0.0,200000,14000.309827039653,2111.190454673821,2064.3525191858525,1494.153445280834,1489.6020402347979,12924.18551493531,13876.790664638136,12802.988513627297,13905.584744141146,hard,5.0
30,2,0.005,1.0,1000000,1.0e6,1.0e-6,1.0e-6,0.0,0.0,0.0,0.0,54640,0,0,0,0,0,NaN,NaN,NaN,NaN,hard,5.0
30,2,0.005,1.0,1000000,1.0e6,0.0,0.0,0.00039810717055349724,0.00039810717055349724,0.0,0.0,200000,2475.8537414965986,37708.05357142857,39340.28911564626,58.19117647058823,60.626168224299064,1596.0783154252601,1608.1894077330574,2976.613316981137,3192.4938007176047,hard,5.0
30,2,0.005,1.0,1000000,1.0e6,0.00039810717055349724,0.00039810717055349724,0.0,0.0,0.0,0.0,200000,2184.4285714285716,65419.6,41501.71428571428,0,0,1286.4920034704867,1297.8796153169885,1218.3447879082628,1221.7956684014814,hard,5.0
30,2,0.005,1.0,1000000,1.0e6,0.0,0.0,0.0251188643150958,0.0251188643150958,0.0,0.0,200000,0,0,0,0,0,101.13892555671436,101.70016387816337,1121.3594778663494,1127.9507788342612,hard,5.0
30,2,0.005,1.0,1000000,1.0e6,3.98107170553497e-6,3.98107170553497e-6,0.0,0.0,0.0,0.0,55200,0,0,0,0,0,NaN,NaN,NaN,NaN,hard,5.0
30,2,0.005,1.0,1000000,1.0e6,0.0,0.0,0.0015848931924611134,0.0015848931924611134,0.0,0.0,200000,0,0,0,0,0,586.1377436299733,586.663595938836,3318.038075549425,3483.4947026075342,hard,5.0
30,2,0.005,1.0,1000000,1.0e6,0.0,0.0,6.309573444801932e-5,0.0,6.309573444801932e-5,0.0,200000,8771.028849902534,2625.878181410472,2596.28413900646,922.9914382577716,922.0511957080075,8216.274014314502,8597.528524986417,7892.143313579925,8465.22808633538,hard,5.0
30,2,0.005,1.0,1000000,1.0e6,0.0,0.0,0.001,0.0,0.001,0.0,200000,0,0,0,0,0,588.9877839550247,600.4936869371717,1277.5133986297053,1441.8582520468958,hard,5.0
30,2,0.005,1.0,1000000,1.0e6,0.0,0.0,1.584893192461113e-5,0.0,1.584893192461113e-5,0.0,64545,0,0,0,0,0,NaN,NaN,NaN,NaN,hard,5.0
30,2,0.005,1.0,1000000,1.0e6,0.001,0.001,0.0,0.0,0.0,0.0,200000,0,0,0,0,0,506.07989060859165,507.70620923584744,462.41226526955427,465.5095336308476,hard,5.0
30,2,0.005,1.0,1000000,1.0e6,0.0,0.0,0.0039810717055349725,0.0,0.0039810717055349725,0.0,200000,0,0,0,0,0,152.94146701451,161.27052951289468,412.2632353150521,536.8929502999637,hard,5.0
30,2,0.005,1.0,1000000,1.0e6,0.0,0.0,0.015848931924611134,0.015848931924611134,0.0,0.0,200000,0,0,0,0,0,151.63579318434918,152.25601844758404,1658.1989963177282,1667.3287262449549,hard,5.0
30,2,0.005,1.0,1000000,1.0e6,0.0,0.0,2.51188643150958e-6,0.0,2.51188643150958e-6,0.0,55851,0,0,0,0,0,NaN,NaN,NaN,NaN,hard,5.0
30,2,0.005,1.0,1000000,1.0e6,0.0,0.0,1.0e-6,0.0,1.0e-6,0.0,54945,0,0,0,0,0,NaN,NaN,NaN,NaN,hard,5.0
30,2,0.005,1.0,1000000,1.0e6,6.30957344480193e-6,6.30957344480193e-6,0.0,0.0,0.0,0.0,58894,0,0,0,0,0,NaN,NaN,NaN,NaN,hard,5.0
30,2,0.005,1.0,1000000,1.0e6,0.00015848931924611134,0.00015848931924611134,0.0,0.0,0.0,0.0,200000,3692.93717754173,8276.901444097068,8462.070409711685,222.13594396688953,221.23931762794476,3182.1008308959654,3237.343892171216,3010.8297669660724,3068.7478758113284,hard,5.0
30,2,0.005,1.0,1000000,1.0e6,1.0e-5,1.0e-5,0.0,0.0,0.0,0.0,60529,0,0,0,0,0,NaN,NaN,NaN,NaN,hard,5.0
30,2,0.005,1.0,1000000,1.0e6,0.0,0.0,0.0025118864315095803,0.0025118864315095803,0.0,0.0,200000,0,0,0,0,0,461.004811944635,462.11586871275944,3403.142685120025,3534.0958525042975,hard,5.0
30,2,0.005,1.0,1000000,1.0e6,0.0,0.0,0.0015848931924611134,0.0,0.0015848931924611134,0.0,200000,0,0,0,0,0,377.33030806279254,387.26677710904994,909.5942915984766,1068.5450513298786,hard,5.0
30,2,0.005,1.0,1000000,1.0e6,0.0,0.0,0.0006309573444801932,0.0006309573444801932,0.0,0.0,200000,2438.0,67519.71428571429,40233.71428571428,0,1.0,1089.9061724630317,1094.6725899359162,3107.4486204181503,3299.8172462093526,hard,5.0
30,2,0.005,1.0,1000000,1.0e6,0.0,0.0,0.0001,0.0001,0.0,0.0,200000,6495.508482469563,3591.469001610306,3563.5407491184883,586.4022392701638,581.620786516854,5932.08357444407,6127.289060309161,6085.662266694021,6509.605279295686,hard,5.0
30,2,0.005,1.0,1000000,1.0e6,0.015848931924611134,0.015848931924611134,0.0,0.0,0.0,0.0,200000,0,0,0,0,0,32.64467669549242,32.72538096308435,30.65660650715228,30.60781677680201,hard,5.0
30,2,0.005,1.0,1000000,1.0e6,0.006309573444801933,0.006309573444801933,0.0,0.0,0.0,0.0,200000,0,0,0,0,0,80.37878396059551,80.59388132224085,76.44147514933125,75.79997348511871,hard,5.0
30,2,0.005,1.0,1000000,1.0e6,0.0025118864315095803,0.0025118864315095803,0.0,0.0,0.0,0.0,200000,0,0,0,0,0,200.42598148106688,200.75629217877955,189.82978264148807,188.6169952008192,hard,5.0
30,2,0.005,1.0,1000000,1.0e6,0.0,0.0,0.0039810717055349725,0.0039810717055349725,0.0,0.0,200000,0,0,0,0,0,369.0416055433216,372.6022979740454,3270.19185826107,3376.2292768159114,hard,5.0
30,2,0.005,1.0,1000000,1.0e6,0.0,0.0,0.01,0.0,0.01,0.0,200000,0,0,0,0,0,62.72750177476472,69.090451611989,186.06933451333788,273.90363659174847,hard,5.0
30,2,0.005,1.0,1000000,1.0e6,0.0251188643150958,0.0251188643150958,0.0,0.0,0.0,0.0,200000,0,0,0,0,0,21.130672349096205,21.114750413479015,19.8294434996142,19.874216754735443,hard,5.0
30,2,0.005,1.0,1000000,1.0e6,0.0,0.0,2.51188643150958e-5,0.0,2.51188643150958e-5,0.0,139473,22099.722424242424,1834.485043263288,1774.757149781871,2168.8795013850417,2199.6819290165267,19768.484976281423,22150.696203199117,19227.752107631182,21673.113036182363,hard,5.0
30,2,0.005,1.0,1000000,1.0e6,0.0,0.0,3.981071705534972e-5,3.981071705534972e-5,0.0,0.0,70772,0,0,0,0,0,NaN,NaN,NaN,NaN,hard,5.0
30,2,0.005,1.0,1000000,1.0e6,1.584893192461113e-5,1.584893192461113e-5,0.0,0.0,0.0,0.0,200000,33165.861463015935,1819.225717852684,1712.018716796077,3463.6719343696027,3483.0074576271186,31053.551865371017,36183.684541101335,31471.88001540619,36360.99012295425,hard,5.0
30,2,0.005,1.0,1000000,1.0e6,0.0,0.0,0.001,0.001,0.0,0.0,200000,0,0,0,0,0,783.2584019259419,784.3111478673694,3248.3409628401396,3426.4320973187737,hard,5.0
30,2,0.005,1.0,1000000,1.0e6,0.0,0.0,1.58489319246111e-6,1.58489319246111e-6,0.0,0.0,55057,0,0,0,0,0,NaN,NaN,NaN,NaN,hard,5.0
30,2,0.005,1.0,1000000,1.0e6,0.0,0.0,2.51188643150958e-6,2.51188643150958e-6,0.0,0.0,54108,0,0,0,0,0,NaN,NaN,NaN,NaN,hard,5.0
30,2,0.005,1.0,1000000,1.0e6,0.0001,0.0001,0.0,0.0,0.0,0.0,200000,5429.947402928535,4007.5305147324984,4027.8340496831065,480.61780535207055,485.63579596749923,5064.555338703975,5204.995171900521,4886.077141858534,5008.58311045312,hard,5.0
30,2,0.005,1.0,1000000,1.0e6,0.0,0.0,0.0025118864315095803,0.0,0.0025118864315095803,0.0,200000,0,0,0,0,0,240.50740127516082,250.0255171285705,624.1755255629577,764.0713905942407,hard,5.0
30,2,0.005,1.0,1000000,1.0e6,0.0,0.0,0.006309573444801933,0.006309573444801933,0.0,0.0,200000,0,0,0,0,0,288.97094111381057,292.7455430132904,2868.4471768306435,2935.107532786436,hard,5.0
30,2,0.005,1.0,1000000,1.0e6,0.0,0.0,1.58489319246111e-6,0.0,1.58489319246111e-6,0.0,56469,0,0,0,0,0,NaN,NaN,NaN,NaN,hard,5.0
30,2,0.005,1.0,1000000,1.0e6,0.0,0.0,0.0006309573444801932,0.0,0.0006309573444801932,0.0,200000,0,0,0,0,0,916.908445456349,928.0042952587465,1646.9646812973094,1831.4052508517025,hard,5.0
30,2,0.005,1.0,1000000,1.0e6,0.0,0.0,0.000251188643150958,0.0,0.000251188643150958,0.0,200000,2683.3251231527092,19115.5499357051,19604.447380206002,127.1280167890871,95.31284606866002,2217.3457258299177,2251.8443366554757,2514.138988572258,2727.8541505842845,hard,5.0
30,2,0.005,1.0,1000000,1.0e6,3.981071705534972e-5,3.981071705534972e-5,0.0,0.0,0.0,0.0,200000,13261.863858635252,2203.126429692756,2162.7769072623214,1377.525429573013,1386.0669058193828,12314.927300998808,13097.8110247196,11955.216653586162,12663.198611935919,hard,5.0
30,2,0.005,1.0,1000000,1.0e6,1.58489319246111e-6,1.58489319246111e-6,0.0,0.0,0.0,0.0,54533,0,0,0,0,0,NaN,NaN,NaN,NaN,hard,5.0
30,2,0.005,1.0,1000000,1.0e6,6.309573444801932e-5,6.309573444801932e-5,0.0,0.0,0.0,0.0,200000,8293.705207214338,2760.8609753324995,2743.713122632442,830.417332012355,830.7744029677718,7736.317284050898,8060.839128301971,7385.480822202144,7707.636778762456,hard,5.0
30,2,0.005,1.0,1000000,1.0e6,0.0,0.0,0.01,0.01,0.0,0.0,200000,0,0,0,0,0,217.82699081166643,219.8463794564674,2312.00897000144,2339.082733280415,hard,5.0
30,2,0.005,1.0,1000000,1.0e6,0.0,0.0,0.00015848931924611134,0.00015848931924611134,0.0,0.0,200000,4334.550387596899,6148.622453402688,6225.661316737635,314.8104173774593,309.5809261806511,3740.5515454608167,3817.2075422083544,4284.90791123949,4561.359933194841,hard,5.0
30,2,0.005,1.0,1000000,1.0e6,0.0,0.0,6.30957344480193e-6,0.0,6.30957344480193e-6,0.0,57041,0,0,0,0,0,NaN,NaN,NaN,NaN,hard,5.0
30,2,0.005,1.0,1000000,1.0e6,0.0,0.0,1.584893192461113e-5,1.584893192461113e-5,0.0,0.0,56251,0,0,0,0,0,NaN,NaN,NaN,NaN,hard,5.0
30,2,0.005,1.0,1000000,1.0e6,0.0006309573444801932,0.0006309573444801932,0.0,0.0,0.0,0.0,200000,0,0,0,0,0,802.4300471171,806.7918920101624,726.4207270843856,733.5861190887387,hard,5.0
30,2,0.005,1.0,1000000,1.0e6,0.0,0.0,0.015848931924611134,0.0,0.015848931924611134,0.0,200000,0,0,0,0,0,41.20595759711632,45.892749580742766,135.0263545650601,200.22433056045764,hard,5.0
30,2,0.005,1.0,1000000,1.0e6,0.0,0.0,1.0e-5,0.0,1.0e-5,0.0,68157,0,0,0,0,0,NaN,NaN,NaN,NaN,hard,5.0
30,2,0.005,1.0,1000000,1.0e6,0.0,0.0,2.51188643150958e-5,2.51188643150958e-5,0.0,0.0,60448,0,0,0,0,0,NaN,NaN,NaN,NaN,hard,5.0
30,2,0.005,1.0,1000000,1.0e6,0.0,0.0,1.0e-5,1.0e-5,0.0,0.0,56506,0,0,0,0,0,NaN,NaN,NaN,NaN,hard,5.0
30,2,0.005,1.0,1000000,1.0e6,2.51188643150958e-6,2.51188643150958e-6,0.0,0.0,0.0,0.0,55280,0,0,0,0,0,NaN,NaN,NaN,NaN,hard,5.0
30,2,0.005,1.0,1000000,1.0e6,0.0,0.0,0.006309573444801933,0.0,0.006309573444801933,0.0,200000,0,0,0,0,0,96.60356908652255,104.18648424205269,264.11208856549575,369.6081924661055,hard,5.0
30,2,0.005,1.0,1000000,1.0e6,0.0,0.0,6.30957344480193e-6,6.30957344480193e-6,0.0,0.0,58201,0,0,0,0,0,NaN,NaN,NaN,NaN,hard,5.0
30,2,0.005,1.0,1000000,1.0e6,0.0,0.0,1.0e-6,1.0e-6,0.0,0.0,53284,0,0,0,0,0,NaN,NaN,NaN,NaN,hard,5.0
30,2,0.005,1.0,1000000,1.0e6,0.01,0.01,0.0,0.0,0.0,0.0,200000,0,0,0,0,0,51.25110574670953,51.20171869372122,48.17866163558095,47.620622598575835,hard,5.0
30,2,0.005,1.0,1000000,1.0e6,0.0,0.0,0.0251188643150958,0.0,0.0251188643150958,0.0,200000,0,0,0,0,0,28.357859302405927,31.59018827338916,111.7363459758389,157.9433378912301,hard,5.0
30,2,0.005,1.0,1000000,1.0e6,0.0,0.0,6.309573444801932e-5,6.309573444801932e-5,0.0,0.0,200000,10656.702802444932,2639.6256808436665,2625.6671664167916,1031.9231409380016,1032.2142899390785,10345.695644346913,11013.52734894404,11219.965509326572,12237.948278885486,hard,5.0
30,2,0.005,1.0,10000000,1.0e7,2.51188643150958e-5,2.51188643150958e-5,0.0,0.0,0.0,0.0,200000,22749.694915254237,29151.65306122449,23734.898305084746,125.16666666666667,32.4,24127.201310939254,24416.4537305749,22435.893307459846,22688.108238870675,hard,5.0
30,2,0.005,1.0,10000000,1.0e7,6.30957344480193e-6,6.30957344480193e-6,0.0,0.0,0.0,0.0,200000,83049.02429435484,4877.7372,4914.310887096774,828.8333507579717,844.9086979441223,83533.91404114969,86931.52119391535,79717.91965655745,82891.5759877895,hard,5.0
30,2,0.005,1.0,10000000,1.0e7,0.0,0.0,0.0006309573444801932,0.0,0.0006309573444801932,0.0,200000,0,0,0,0,0,980.4843106015677,994.1567806939285,2765.8356934287503,2954.5675693798617,hard,5.0
30,2,0.005,1.0,10000000,1.0e7,0.0,0.0,3.98107170553497e-6,3.98107170553497e-6,0.0,0.0,200000,192586.79733676976,3504.805603898364,3434.161068636715,1869.4866600343673,1889.351597358558,213284.5382896924,236833.23490119594,253757.35179093078,278984.09398696583,hard,5.0
30,2,0.005,1.0,10000000,1.0e7,0.0,0.0,0.0001,0.0001,0.0,0.0,200000,0,0,0,0,0,6552.720159965723,6577.630219034951,9786.7441136695,10049.151050355455,hard,5.0
30,2,0.005,1.0,10000000,1.0e7,0.0,0.0,0.00015848931924611134,0.00015848931924611134,0.0,0.0,200000,0,0,0,0,0,4358.403394888543,4366.980419415225,11296.179411780418,11527.895736640581,hard,5.0
30,2,0.005,1.0,10000000,1.0e7,0.0,0.0,0.0015848931924611134,0.0015848931924611134,0.0,0.0,200000,0,0,0,0,0,1197.0480668314933,1195.9012855718754,12141.462722639148,12209.854112714109,hard,5.0
30,2,0.005,1.0,10000000,1.0e7,0.0251188643150958,0.0251188643150958,0.0,0.0,0.0,0.0,200000,0,0,0,0,0,21.126908109744345,21.147032517494107,19.837979973977188,19.953218393062873,hard,5.0
30,2,0.005,1.0,10000000,1.0e7,0.01,0.01,0.0,0.0,0.0,0.0,200000,0,0,0,0,0,51.21415098965399,51.081489151679996,48.21061766772095,48.092613705026665,hard,5.0
30,2,0.005,1.0,10000000,1.0e7,0.0,0.0,6.309573444801932e-5,0.0,6.309573444801932e-5,0.0,200000,0,0,0,0,0,9896.835588131848,9959.259731728775,10491.841677832017,10776.053865936576,hard,5.0
30,2,0.005,1.0,10000000,1.0e7,0.0,0.0,0.015848931924611134,0.015848931924611134,0.0,0.0,200000,0,0,0,0,0,156.73043925894027,156.50490860923435,1748.9769363677185,1746.866307920998,hard,5.0
30,2,0.005,1.0,10000000,1.0e7,0.0,0.0,1.0e-6,0.0,1.0e-6,0.0,126698,539967.5598236775,2062.2346331791146,1859.045340050378,3907.6469500924213,3943.889273356401,510793.6591145854,624644.2147177233,542321.8201394016,659551.3673643285,hard,5.0
30,2,0.005,1.0,10000000,1.0e7,0.0,0.0,3.981071705534972e-5,3.981071705534972e-5,0.0,0.0,200000,0,37074.0,0,0,0,16952.16883103047,17103.18235024539,17039.640321050036,17443.506992138955,hard,5.0
30,2,0.005,1.0,10000000,1.0e7,0.0,0.0,0.01,0.0,0.01,0.0,200000,0,0,0,0,0,62.52314189234475,68.6445097603423,182.70106715542727,267.465829375026,hard,5.0
30,2,0.005,1.0,10000000,1.0e7,0.0,0.0,2.51188643150958e-6,0.0,2.51188643150958e-6,0.0,200000,213841.46202431706,2776.142246593017,2664.540502131691,2271.4077385926794,2281.8225819638624,201972.07375376852,222795.69837694458,206309.38420022215,226964.20580217728,hard,5.0
30,2,0.005,1.0,10000000,1.0e7,0.0,0.0,0.00015848931924611134,0.0,0.00015848931924611134,0.0,200000,0,0,0,0,0,3958.431877824001,3973.3268568746935,7657.710067224735,7877.01528455199,hard,5.0
30,2,0.005,1.0,10000000,1.0e7,0.0,0.0,1.58489319246111e-6,1.58489319246111e-6,0.0,0.0,91462,0,0,0,0,0,NaN,NaN,NaN,NaN,hard,5.0
30,2,0.005,1.0,10000000,1.0e7,0.0,0.0,0.000251188643150958,0.0,0.000251188643150958,0.0,200000,0,0,0,0,0,2484.240090972169,2498.772565712502,6092.648437480467,6296.549641870447,hard,5.0
30,2,0.005,1.0,10000000,1.0e7,0.0039810717055349725,0.0039810717055349725,0.0,0.0,0.0,0.0,200000,0,0,0,0,0,126.91866921763636,126.78255410207757,116.4181819036955,118.81184203613132,hard,5.0
30,2,0.005,1.0,10000000,1.0e7,0.0,0.0,0.0001,0.0,0.0001,0.0,200000,0,0,0,0,0,6251.3548913230115,6281.191102612701,8648.870120370595,8914.780410987827,hard,5.0
30,2,0.005,1.0,10000000,1.0e7,0.0,0.0,0.006309573444801933,0.0,0.006309573444801933,0.0,200000,0,0,0,0,0,96.81773184215575,105.0922850497817,273.7667104094976,385.8085607536404,hard,5.0
30,2,0.005,1.0,10000000,1.0e7,0.0,0.0,6.30957344480193e-6,0.0,6.30957344480193e-6,0.0,200000,89125.84096037548,4291.236152391246,4310.786030141684,913.0286839145107,926.3735675371031,92409.80544304653,96633.144348348,85921.48415895065,90008.07457479164,hard,5.0
30,2,0.005,1.0,10000000,1.0e7,0.0,0.0,0.00039810717055349724,0.00039810717055349724,0.0,0.0,200000,0,0,0,0,0,2659.311338974455,2660.808132283785,17656.857775771805,17867.160494965006,hard,5.0
30,2,0.005,1.0,10000000,1.0e7,0.0,0.0,0.01,0.01,0.0,0.0,200000,0,0,0,0,0,238.2459534411101,238.4102628912852,2637.401307264207,2638.4454704780114,hard,5.0
30,2,0.005,1.0,10000000,1.0e7,0.0,0.0,0.015848931924611134,0.0,0.015848931924611134,0.0,200000,0,0,0,0,0,41.310648945494044,45.921805068338045,135.67696800219292,200.16689080053808,hard,5.0
30,2,0.005,1.0,10000000,1.0e7,1.584893192461113e-5,1.584893192461113e-5,0.0,0.0,0.0,0.0,200000,35867.897849462366,17300.364299933644,17052.157930107525,232.33592400690847,222.07413945278023,37766.88538116759,38511.75715779182,35312.1200560596,36041.777182295846,hard,5.0
30,2,0.005,1.0,10000000,1.0e7,3.981071705534972e-5,3.981071705534972e-5,0.0,0.0,0.0,0.0,200000,0,0,0,0,0,15227.324485919797,15378.719755965216,14285.435632463266,14421.483986470945,hard,5.0
30,2,0.005,1.0,10000000,1.0e7,0.0,0.0,0.0251188643150958,0.0,0.0251188643150958,0.0,200000,0,0,0,0,0,28.214909109695252,31.49216232885474,110.06660564164127,156.4416922914414,hard,5.0
30,2,0.005,1.0,10000000,1.0e7,0.0,0.0,0.0025118864315095803,0.0025118864315095803,0.0,0.0,200000,0,0,0,0,0,864.850565474713,866.0337236952797,9245.183259223159,9302.65488972995,hard,5.0
30,2,0.005,1.0,10000000,1.0e7,0.0,0.0,0.001,0.0,0.001,0.0,200000,0,0,0,0,0,610.8561806428124,623.4631095617708,1687.710056049202,1863.4623015839238,hard,5.0
30,2,0.005,1.0,10000000,1.0e7,0.0,0.0,0.0039810717055349725,0.0039810717055349725,0.0,0.0,200000,0,0,0,0,0,577.8868007659598,580.480224650616,6323.438807430117,6372.168962328186,hard,5.0
30,2,0.005,1.0,10000000,1.0e7,0.0,0.0,0.0039810717055349725,0.0,0.0039810717055349725,0.0,200000,0,0,0,0,0,153.8797366216319,163.27290418312137,431.3023661188858,564.2424886384733,hard,5.0
30,2,0.005,1.0,10000000,1.0e7,0.00039810717055349724,0.00039810717055349724,0.0,0.0,0.0,0.0,200000,0,0,0,0,0,1295.235459500071,1297.3746197965888,1227.8449740919784,1232.5054805120553,hard,5.0
30,2,0.005,1.0,10000000,1.0e7,2.51188643150958e-6,2.51188643150958e-6,0.0,0.0,0.0,0.0,200000,199782.4209861933,2913.2925908068146,2813.1153269701035,2092.638437838288,2113.850596307793,193587.30932779744,212030.5490672798,192157.10370349756,210101.84300500853,hard,5.0
30,2,0.005,1.0,10000000,1.0e7,1.0e-5,1.0e-5,0.0,0.0,0.0,0.0,200000,53549.03884340707,8143.750173611111,8091.848284271033,467.25075075075074,475.58941021292634,56721.85597008356,58311.83173627122,54179.923690924734,55746.495672794365,hard,5.0
30,2,0.005,1.0,10000000,1.0e7,0.0,0.0,0.001,0.001,0.0,0.0,200000,0,0,0,0,0,1622.873376483709,1624.6211074049695,15236.248673309903,15387.604257638488,hard,5.0
30,2,0.005,1.0,10000000,1.0e7,0.0,0.0,0.0025118864315095803,0.0,0.0025118864315095803,0.0,200000,0,0,0,0,0,240.95531331999237,250.68622301017882,668.3168493299714,805.426003047487,hard,5.0
30,2,0.005,1.0,10000000,1.0e7,0.015848931924611134,0.015848931924611134,0.0,0.0,0.0,0.0,200000,0,0,0,0,0,32.744861617066505,32.70940587847356,30.85098293101057,30.62154163441703,hard,5.0
30,2,0.005,1.0,10000000,1.0e7,0.0,0.0,3.981071705534972e-5,0.0,3.981071705534972e-5,0.0,200000,0,0,0,0,0,16834.785515248997,16988.373491528015,16566.0436979597,16943.15045877904,hard,5.0
30,2,0.005,1.0,10000000,1.0e7,0.0,0.0,6.309573444801932e-5,6.309573444801932e-5,0.0,0.0,200000,0,0,0,0,0,10563.47492557252,10635.201095839595,11926.963922169702,12199.506844392012,hard,5.0
30,2,0.005,1.0,10000000,1.0e7,0.0025118864315095803,0.0025118864315095803,0.0,0.0,0.0,0.0,200000,0,0,0,0,0,200.78901600160395,200.75645596945083,187.86008178821794,186.8330817382185,hard,5.0
30,2,0.005,1.0,10000000,1.0e7,0.0,0.0,1.584893192461113e-5,1.584893192461113e-5,0.0,0.0,200000,42776.41848299913,14322.00596506178,14198.236704446383,291.7164179104478,270.9452343338599,41697.19078535631,42585.05775430307,38363.56511635168,39350.691158047026,hard,5.0
30,2,0.005,1.0,10000000,1.0e7,0.0,0.0,6.30957344480193e-6,6.30957344480193e-6,0.0,0.0,200000,108596.96785647543,4492.807882693565,4495.303494673893,987.7704439252336,981.7592285964741,103240.73534809376,109521.414804958,106540.1511746386,112752.14297979866,hard,5.0
30,2,0.005,1.0,10000000,1.0e7,0.0,0.0,0.000251188643150958,0.000251188643150958,0.0,0.0,200000,0,0,0,0,0,3159.5993685426292,3162.89120275055,13126.704913039463,13330.273073920245,hard,5.0
30,2,0.005,1.0,10000000,1.0e7,1.58489319246111e-6,1.58489319246111e-6,0.0,0.0,0.0,0.0,200000,332164.7265333461,2674.0170581928064,2509.556788824036,3475.160219869707,3523.2073682108626,315847.1316117967,371027.0498415545,317286.71784242743,370723.0238637202,hard,5.0
30,2,0.005,1.0,10000000,1.0e7,6.309573444801932e-5,6.309573444801932e-5,0.0,0.0,0.0,0.0,200000,0,0,0,0,0,9195.309074132592,9240.582120099605,9136.047854333967,9197.974041131672,hard,5.0
30,2,0.005,1.0,10000000,1.0e7,0.0,0.0,2.51188643150958e-5,0.0,2.51188643150958e-5,0.0,200000,29660.622377622378,33514.16891891892,29137.3006993007,111.42553191489361,106.3859649122807,26290.308933267133,26664.68056591094,24359.359033328226,24928.676921200447,hard,5.0
30,2,0.005,1.0,10000000,1.0e7,0.0,0.0,1.58489319246111e-6,0.0,1.58489319246111e-6,0.0,200000,351039.5535647976,2422.0435031482543,2260.9065168956554,3561.068876281477,3581.5685401954147,330986.97514560394,388989.98757121904,346361.7673602461,408356.9000991407,hard,5.0
30,2,0.005,1.0,10000000,1.0e7,0.0,0.0,0.0006309573444801932,0.0006309573444801932,0.0,0.0,200000,0,0,0,0,0,2122.181034337744,2123.01171119331,17455.002218494425,17637.067649680113,hard,5.0
30,2,0.005,1.0,10000000,1.0e7,0.0,0.0,2.51188643150958e-5,2.51188643150958e-5,0.0,0.0,200000,36170.44099378882,31009.37714285714,31045.708074534163,143.16129032258064,110.33333333333333,27092.74625658321,27463.44348289454,25709.814279404516,26246.720596507163,hard,5.0
30,2,0.005,1.0,10000000,1.0e7,0.0,0.0,2.51188643150958e-6,2.51188643150958e-6,0.0,0.0,104546,74278.57142857143,4002.0,3012.625,0,0,3.2177098878555875e6,201180.29572226197,5.338483740433457e6,208389.9397171152,hard,5.0
30,2,0.005,1.0,10000000,1.0e7,0.0,0.0,0.006309573444801933,0.006309573444801933,0.0,0.0,200000,0,0,0,0,0,398.1918218891071,400.4588975599608,4471.318122884227,4502.454919479317,hard,5.0
30,2,0.005,1.0,10000000,1.0e7,0.0006309573444801932,0.0006309573444801932,0.0,0.0,0.0,0.0,200000,0,0,0,0,0,812.563012229644,811.9866490551997,742.5964645091547,740.0741915919122,hard,5.0
30,2,0.005,1.0,10000000,1.0e7,0.0001,0.0001,0.0,0.0,0.0,0.0,200000,0,0,0,0,0,5566.695813376911,5592.307962447409,5339.330131514423,5360.715495257001,hard,5.0
30,2,0.005,1.0,10000000,1.0e7,0.0,0.0,0.00039810717055349724,0.0,0.00039810717055349724,0.0,200000,0,0,0,0,0,1574.4678068246528,1586.320389743969,4319.132905267114,4484.721797781348,hard,5.0
30,2,0.005,1.0,10000000,1.0e7,1.0e-6,1.0e-6,0.0,0.0,0.0,0.0,200000,511161.4177371542,2513.285480005046,2288.2377717391305,5380.387213027229,5468.462602793369,493577.363810226,610694.7766247918,490862.3789370101,600215.160148838,hard,5.0
30,2,0.005,1.0,10000000,1.0e7,0.0,0.0,1.0e-6,1.0e-6,0.0,0.0,78116,0,0,0,0,0,NaN,NaN,NaN,NaN,hard,5.0
30,2,0.005,1.0,10000000,1.0e7,0.0,0.0,1.0e-5,1.0e-5,0.0,0.0,200000,67504.70101515784,6646.684850970741,6760.95285773884,569.3941860465117,568.7178804026051,66563.61416211525,68830.26632059987,62947.72610860334,65483.29989093399,hard,5.0
30,2,0.005,1.0,10000000,1.0e7,0.0,0.0,0.0015848931924611134,0.0,0.0015848931924611134,0.0,200000,0,0,0,0,0,387.953896649097,398.6216863717165,1099.513416585222,1254.7854219259966,hard,5.0
30,2,0.005,1.0,10000000,1.0e7,0.0,0.0,3.98107170553497e-6,0.0,3.98107170553497e-6,0.0,200000,140061.44036140005,3239.1491938594463,3158.0952850960443,1495.489543422733,1502.2752826633166,139060.1452713469,148762.21012618588,136318.3583819915,146266.74654695444,hard,5.0
30,2,0.005,1.0,10000000,1.0e7,0.0,0.0,1.0e-5,0.0,1.0e-5,0.0,200000,58015.99928734321,6679.557142857143,6783.955957810718,540.0167039522744,543.1798845335765,62835.57238978758,64831.85659481966,57202.07522281691,59307.61464282372,hard,5.0
30,2,0.005,1.0,10000000,1.0e7,0.0,0.0,1.584893192461113e-5,0.0,1.584893192461113e-5,0.0,200000,39266.36406926407,14043.529289572081,14232.744155844155,272.56908548707753,253.90904338734973,41509.91998262225,42382.3798651373,37383.50225282677,38366.93335283497,hard,5.0
30,2,0.005,1.0,10000000,1.0e7,0.001,0.001,0.0,0.0,0.0,0.0,200000,0,0,0,0,0,503.7538054563229,504.8578983947946,475.34950447960875,477.7297838349614,hard,5.0
30,2,0.005,1.0,10000000,1.0e7,0.006309573444801933,0.006309573444801933,0.0,0.0,0.0,0.0,200000,0,0,0,0,0,80.4197526654792,80.47965363288147,74.38328623593122,74.24698704580042,hard,5.0
30,2,0.005,1.0,10000000,1.0e7,0.00015848931924611134,0.00015848931924611134,0.0,0.0,0.0,0.0,200000,0,0,0,0,0,3341.675330091683,3350.090973706844,3061.5849482601625,3065.738183753576,hard,5.0
30,2,0.005,1.0,10000000,1.0e7,3.98107170553497e-6,3.98107170553497e-6,0.0,0.0,0.0,0.0,200000,131757.71354001897,3521.7592267135324,3459.330881771451,1368.1054373913764,1382.4334971334972,129968.88453896373,138745.62667802325,124930.27541575597,133198.62386627114,hard,5.0
30,2,0.005,1.0,10000000,1.0e7,0.0,0.0,0.0251188643150958,0.0251188643150958,0.0,0.0,200000,0,0,0,0,0,103.01840610597671,103.52567995375414,1156.303950213361,1162.8072784014046,hard,5.0
30,2,0.005,1.0,10000000,1.0e7,0.000251188643150958,0.000251188643150958,0.0,0.0,0.0,0.0,200000,0,0,0,0,0,2094.627887516797,2098.5874586329314,1875.538450307721,1886.2331712313212,hard,5.0
30,2,0.005,1.0,10000000,1.0e7,0.0015848931924611134,0.0015848931924611134,0.0,0.0,0.0,0.0,200000,0,0,0,0,0,320.4467558527745,318.9372758267869,297.5757407461769,296.67437120208376,hard,5.0
40,2,0.005,1.0,1000000,1.0e6,0.0,0.0,0.001,0.0,0.001,0.0,200000,0,48378.8125,0,0,0,561.3810005251582,569.2732771461983,1075.2429938100618,1250.145966810587,hard,5.0
40,2,0.005,1.0,1000000,1.0e6,0.0,0.0,6.309573444801932e-5,6.309573444801932e-5,0.0,0.0,58414,0,0,0,0,0,NaN,NaN,NaN,NaN,hard,5.0
40,2,0.005,1.0,1000000,1.0e6,0.0015848931924611134,0.0015848931924611134,0.0,0.0,0.0,0.0,200000,0,0,0,0,0,319.9585778056464,320.9301186800518,303.37956362818164,305.9983416114732,hard,5.0
40,2,0.005,1.0,1000000,1.0e6,0.0,0.0,0.0001,0.0,0.0001,0.0,200000,5501.155658336038,2075.632821210061,2060.1983448723495,1040.680288929018,1039.0326555420488,5033.787699788641,5282.4258644823085,4910.861398289942,5322.198559565148,hard,5.0
40,2,0.005,1.0,1000000,1.0e6,0.0,0.0,2.51188643150958e-6,0.0,2.51188643150958e-6,0.0,52781,0,0,0,0,0,NaN,NaN,NaN,NaN,hard,5.0
40,2,0.005,1.0,1000000,1.0e6,0.0,0.0,3.98107170553497e-6,0.0,3.98107170553497e-6,0.0,54414,0,0,0,0,0,NaN,NaN,NaN,NaN,hard,5.0
40,2,0.005,1.0,1000000,1.0e6,2.51188643150958e-5,2.51188643150958e-5,0.0,0.0,0.0,0.0,200000,20266.760627128926,1619.503465509925,1528.6743035789277,3756.459493856772,3798.164108275628,18924.67779117283,22974.5992720871,19580.198344295455,23447.7109709219,hard,5.0
40,2,0.005,1.0,1000000,1.0e6,0.0001,0.0001,0.0,0.0,0.0,0.0,200000,5341.944049517529,2137.4134618001685,2116.4043726184364,984.4218180806986,986.592662120752,4937.84248005113,5177.210801380717,4852.529692855502,5071.187719254838,hard,5.0
40,2,0.005,1.0,1000000,1.0e6,0.0,0.0,0.000251188643150958,0.000251188643150958,0.0,0.0,200000,2581.631160880347,3996.724974523791,3961.0238288968962,370.76037034042207,368.4096048583643,2282.0846154791757,2326.4507343182686,2898.8361962674344,3149.3815078510765,hard,5.0
40,2,0.005,1.0,1000000,1.0e6,0.0,0.0,3.98107170553497e-6,3.98107170553497e-6,0.0,0.0,54105,0,0,0,0,0,NaN,NaN,NaN,NaN,hard,5.0
40,2,0.005,1.0,1000000,1.0e6,0.0,0.0,0.0001,0.0001,0.0,0.0,200000,6383.133507853403,2100.1842621273695,2073.115423585702,1161.3952163678107,1151.3233381294965,6247.955104100236,6694.530950545553,7152.942844575857,7900.35480012591,hard,5.0
40,2,0.005,1.0,1000000,1.0e6,0.0,0.0,0.000251188643150958,0.0,0.000251188643150958,0.0,200000,2320.7877686085462,4168.942495126706,4203.967401960785,349.9653581613823,342.68367088607596,2124.474689287044,2171.2834445899243,2238.7281432632963,2476.7171969430146,hard,5.0
40,2,0.005,1.0,1000000,1.0e6,0.0,0.0,0.00015848931924611134,0.00015848931924611134,0.0,0.0,200000,3978.9289287562533,2616.825241315531,2603.136183302668,676.8479687777186,672.3131984472415,3667.940691989291,3799.2869337423504,4314.176938308565,4671.928373592789,hard,5.0
40,2,0.005,1.0,1000000,1.0e6,3.981071705534972e-5,3.981071705534972e-5,0.0,0.0,0.0,0.0,200000,13182.20466376667,1670.2262624082866,1612.1595778815645,2453.749185908822,2475.674832227071,12179.031823965091,13709.43711868498,12239.063857166875,13725.605765533124,hard,5.0
40,2,0.005,1.0,1000000,1.0e6,0.0,0.0,3.981071705534972e-5,0.0,3.981071705534972e-5,0.0,200000,13718.064648175594,1600.1970097059664,1538.7678817177741,2491.5122228747614,2508.8480351246417,12293.409783613122,13891.31149220368,12600.066991593527,14275.540017132533,hard,5.0
40,2,0.005,1.0,1000000,1.0e6,1.0e-6,1.0e-6,0.0,0.0,0.0,0.0,53458,0,0,0,0,0,NaN,NaN,NaN,NaN,hard,5.0
40,2,0.005,1.0,1000000,1.0e6,0.0,0.0,0.00039810717055349724,0.00039810717055349724,0.0,0.0,200000,1829.963875077688,8317.060271508015,7949.242057018566,177.61591544374562,168.54982221119656,1467.098962695836,1485.8576919978323,2352.121368724567,2582.4680901168917,hard,5.0
40,2,0.005,1.0,1000000,1.0e6,0.0025118864315095803,0.0025118864315095803,0.0,0.0,0.0,0.0,200000,0,0,0,0,0,201.73785888267244,201.21130091497406,191.0464831156874,192.84656145377588,hard,5.0
40,2,0.005,1.0,1000000,1.0e6,0.0,0.0,0.0025118864315095803,0.0,0.0025118864315095803,0.0,200000,0,0,0,0,0,228.94505873538063,235.5986058567759,595.1848650672617,741.5576696046019,hard,5.0
40,2,0.005,1.0,1000000,1.0e6,0.0,0.0,1.0e-5,0.0,1.0e-5,0.0,55051,0,0,0,0,0,NaN,NaN,NaN,NaN,hard,5.0
40,2,0.005,1.0,1000000,1.0e6,0.0,0.0,6.309573444801932e-5,0.0,6.309573444801932e-5,0.0,200000,8633.450328407225,1770.2412926497545,1738.2017415269145,1624.3503117244718,1630.6426428228517,7839.940656223385,8467.000587111977,7760.817206593686,8526.368592066041,hard,5.0
40,2,0.005,1.0,1000000,1.0e6,0.0,0.0,0.00015848931924611134,0.0,0.00015848931924611134,0.0,200000,3540.5563266250288,2686.0135446770005,2664.483522201665,635.83633539445,626.8834733230806,3289.7834802771004,3400.9486892576233,3247.569106401193,3524.7097152775527,hard,5.0
40,2,0.005,1.0,1000000,1.0e6,0.001,0.001,0.0,0.0,0.0,0.0,200000,0,51044.0,0,0,0,504.99717567321335,507.3145946093413,477.09149359125206,478.40663060146716,hard,5.0
40,2,0.005,1.0,1000000,1.0e6,1.58489319246111e-6,1.58489319246111e-6,0.0,0.0,0.0,0.0,53119,0,0,0,0,0,NaN,NaN,NaN,NaN,hard,5.0
40,2,0.005,1.0,1000000,1.0e6,0.0,0.0,0.00039810717055349724,0.0,0.00039810717055349724,0.0,200000,1630.48508755051,9347.733115366651,9617.240211640212,158.38206549118388,139.8222568902756,1361.852129474187,1388.0501082368687,1706.589508771489,1913.2168429795377,hard,5.0
40,2,0.005,1.0,1000000,1.0e6,0.0039810717055349725,0.0039810717055349725,0.0,0.0,0.0,0.0,200000,0,0,0,0,0,127.5899645717857,127.36620655002892,120.80169780520367,121.20972208218784,hard,5.0
40,2,0.005,1.0,1000000,1.0e6,0.0,0.0,0.015848931924611134,0.015848931924611134,0.0,0.0,200000,0,0,0,0,0,144.76506423574367,146.8398555832921,2097.809871800058,2131.980319773758,hard,5.0
40,2,0.005,1.0,1000000,1.0e6,6.309573444801932e-5,6.309573444801932e-5,0.0,0.0,0.0,0.0,200000,8248.752134270282,1823.5889566952235,1786.955143280202,1549.3563535911603,1552.5595757953836,7613.327286095014,8199.727449061218,7762.340597181862,8302.58307957248,hard,5.0
40,2,0.005,1.0,1000000,1.0e6,0.0,0.0,0.015848931924611134,0.0,0.015848931924611134,0.0,200000,0,0,0,0,0,39.17150022387719,42.6730111176678,137.7255090385642,205.51868336510253,hard,5.0
40,2,0.005,1.0,1000000,1.0e6,0.0,0.0,1.584893192461113e-5,0.0,1.584893192461113e-5,0.0,60934,0,0,0,0,0,NaN,NaN,NaN,NaN,hard,5.0
40,2,0.005,1.0,1000000,1.0e6,0.0,0.0,1.58489319246111e-6,1.58489319246111e-6,0.0,0.0,55131,0,0,0,0,0,NaN,NaN,NaN,NaN,hard,5.0
40,2,0.005,1.0,1000000,1.0e6,0.0,0.0,0.0015848931924611134,0.0015848931924611134,0.0,0.0,200000,1235.55,27142.652173913044,43965.55,63.666666666666664,0,499.0396578957519,497.25770579019445,2841.26497052504,3011.5446281842396,hard,5.0
40,2,0.005,1.0,1000000,1.0e6,0.0,0.0,0.0039810717055349725,0.0,0.0039810717055349725,0.0,200000,0,0,0,0,0,146.1614402086787,152.59036282802896,411.23459431421486,542.4624856659194,hard,5.0
40,2,0.005,1.0,1000000,1.0e6,0.0,0.0,1.0e-6,0.0,1.0e-6,0.0,52679,0,0,0,0,0,NaN,NaN,NaN,NaN,hard,5.0
40,2,0.005,1.0,1000000,1.0e6,0.0,0.0,0.0006309573444801932,0.0,0.0006309573444801932,0.0,200000,1279.8097868981847,30743.183126226293,33048.80662983425,49.37960954446854,40.5007072135785,871.069596554347,884.626878584494,1308.7199960086323,1508.3736025939625,hard,5.0
40,2,0.005,1.0,1000000,1.0e6,6.30957344480193e-6,6.30957344480193e-6,0.0,0.0,0.0,0.0,57116,0,0,0,0,0,NaN,NaN,NaN,NaN,hard,5.0
40,2,0.005,1.0,1000000,1.0e6,0.0,0.0,0.0025118864315095803,0.0025118864315095803,0.0,0.0,200000,1670.0,44865.0,68619.5,0,0,385.842858977456,384.20642295541046,3122.972669429217,3273.616958985163,hard,5.0
40,2,0.005,1.0,1000000,1.0e6,0.0,0.0,0.006309573444801933,0.0,0.006309573444801933,0.0,200000,0,0,0,0,0,92.82075402825016,98.71590161522104,272.8570220514148,384.5407016075304,hard,5.0
40,2,0.005,1.0,1000000,1.0e6,0.0,0.0,0.0039810717055349725,0.0039810717055349725,0.0,0.0,200000,1457.0,0,2796.0,0,0,299.5395685330309,301.54683643252525,3072.5795253271726,3205.0596184656447,hard,5.0
40,2,0.005,1.0,1000000,1.0e6,0.0251188643150958,0.0251188643150958,0.0,0.0,0.0,0.0,200000,0,0,0,0,0,21.1421385460705,21.145818985232523,20.322035845291417,20.254075270250887,hard,5.0
40,2,0.005,1.0,1000000,1.0e6,0.0,0.0,0.01,0.0,0.01,0.0,200000,0,0,0,0,0,59.844885965071,64.40771114649874,185.48285588224724,275.3378602372095,hard,5.0
40,2,0.005,1.0,1000000,1.0e6,0.0,0.0,2.51188643150958e-5,0.0,2.51188643150958e-5,0.0,114667,20972.022311468096,1383.1609907120744,1307.4276429809358,2478.803355704698,2595.031880286272,18770.73520568586,22641.318951172012,19517.06021574013,23491.726784041835,hard,5.0
40,2,0.005,1.0,1000000,1.0e6,0.0,0.0,3.981071705534972e-5,3.981071705534972e-5,0.0,0.0,56671,0,0,0,0,0,NaN,NaN,NaN,NaN,hard,5.0
40,2,0.005,1.0,1000000,1.0e6,1.584893192461113e-5,1.584893192461113e-5,0.0,0.0,0.0,0.0,200000,32887.78928178316,1650.7169561275023,1475.1866143898749,6193.638710629195,6258.159761593255,31816.853572975266,43764.578631516386,32276.160251673125,43993.900497533585,hard,5.0
40,2,0.005,1.0,1000000,1.0e6,3.98107170553497e-6,3.98107170553497e-6,0.0,0.0,0.0,0.0,54403,0,0,0,0,0,NaN,NaN,NaN,NaN,hard,5.0
40,2,0.005,1.0,1000000,1.0e6,0.006309573444801933,0.006309573444801933,0.0,0.0,0.0,0.0,200000,0,0,0,0,0,80.49383616794407,80.51661128233847,75.69883248405353,75.78880101950989,hard,5.0
40,2,0.005,1.0,1000000,1.0e6,0.00015848931924611134,0.00015848931924611134,0.0,0.0,0.0,0.0,200000,3396.215968431047,2806.7222073159824,2796.498190555292,576.7570124835943,572.3057512449897,3126.7670729946694,3220.5833470720377,3030.185156988594,3112.4957671273332,hard,5.0
40,2,0.005,1.0,1000000,1.0e6,0.00039810717055349724,0.00039810717055349724,0.0,0.0,0.0,0.0,200000,1643.9122527545467,12388.449660928534,12536.256236730362,108.34112353026565,111.12744227353464,1267.1808139616412,1283.5637268916573,1215.1854450435499,1238.336797767436,hard,5.0
40,2,0.005,1.0,1000000,1.0e6,1.0e-5,1.0e-5,0.0,0.0,0.0,0.0,56550,0,0,0,0,0,NaN,NaN,NaN,NaN,hard,5.0
40,2,0.005,1.0,1000000,1.0e6,0.0,0.0,0.006309573444801933,0.006309573444801933,0.0,0.0,200000,0,0,0,0,0,238.21497252683344,242.75178988632268,2898.210746884268,3009.5319231897515,hard,5.0
40,2,0.005,1.0,1000000,1.0e6,0.000251188643150958,0.000251188643150958,0.0,0.0,0.0,0.0,200000,2242.3190860215054,4615.942787286063,4652.518769037807,301.6923785401796,298.0757519494987,2014.3806649266483,2053.2552598119887,1968.1811723681183,2004.732777261863,hard,5.0
40,2,0.005,1.0,1000000,1.0e6,2.51188643150958e-6,2.51188643150958e-6,0.0,0.0,0.0,0.0,52581,0,0,0,0,0,NaN,NaN,NaN,NaN,hard,5.0
40,2,0.005,1.0,1000000,1.0e6,0.0,0.0,0.0015848931924611134,0.0,0.0015848931924611134,0.0,200000,0,0,0,0,0,359.1281824864726,366.92959352582943,840.7458196630847,1006.305018768095,hard,5.0
40,2,0.005,1.0,1000000,1.0e6,0.0,0.0,0.0006309573444801932,0.0006309573444801932,0.0,0.0,200000,1459.7463483146068,22397.146156279658,20344.096629213484,80.09717607973423,72.50677120456166,983.239038154131,988.5492302999695,2372.010124824355,2585.617424019696,hard,5.0
40,2,0.005,1.0,1000000,1.0e6,0.015848931924611134,0.015848931924611134,0.0,0.0,0.0,0.0,200000,0,0,0,0,0,32.86870021897462,32.81593575881553,31.390590922592693,31.25233269007916,hard,5.0
40,2,0.005,1.0,1000000,1.0e6,0.0,0.0,1.58489319246111e-6,0.0,1.58489319246111e-6,0.0,54510,0,0,0,0,0,NaN,NaN,NaN,NaN,hard,5.0
40,2,0.005,1.0,1000000,1.0e6,0.0,0.0,0.01,0.01,0.0,0.0,200000,0,0,0,0,0,194.2713582804201,197.4888896465068,2659.6894421837137,2719.711484492376,hard,5.0
40,2,0.005,1.0,1000000,1.0e6,0.0,0.0,6.30957344480193e-6,0.0,6.30957344480193e-6,0.0,54954,0,0,0,0,0,NaN,NaN,NaN,NaN,hard,5.0
40,2,0.005,1.0,1000000,1.0e6,0.0,0.0,1.584893192461113e-5,1.584893192461113e-5,0.0,0.0,56042,0,0,0,0,0,NaN,NaN,NaN,NaN,hard,5.0
40,2,0.005,1.0,1000000,1.0e6,0.0,0.0,1.0e-6,1.0e-6,0.0,0.0,55146,0,0,0,0,0,NaN,NaN,NaN,NaN,hard,5.0
40,2,0.005,1.0,1000000,1.0e6,0.0,0.0,2.51188643150958e-6,2.51188643150958e-6,0.0,0.0,52652,0,0,0,0,0,NaN,NaN,NaN,NaN,hard,5.0
40,2,0.005,1.0,1000000,1.0e6,0.0006309573444801932,0.0006309573444801932,0.0,0.0,0.0,0.0,200000,1434.4005167958655,42159.74736842105,40872.73901808786,22.358778625954198,21.39855072463768,802.9921654223826,809.3511697461306,752.9891359731881,760.5992736208976,hard,5.0
40,2,0.005,1.0,1000000,1.0e6,0.0,0.0,0.001,0.001,0.0,0.0,200000,1277.4564564564564,40484.27346938776,40515.78678678679,32.39705882352941,29.520833333333332,679.097004421928,679.7733613443525,2539.368143101298,2737.06295493975,hard,5.0
40,2,0.005,1.0,1000000,1.0e6,0.0,0.0,6.30957344480193e-6,6.30957344480193e-6,0.0,0.0,53982,0,0,0,0,0,NaN,NaN,NaN,NaN,hard,5.0
40,2,0.005,1.0,1000000,1.0e6,0.01,0.01,0.0,0.0,0.0,0.0,200000,0,0,0,0,0,51.31156951022283,51.23250263096957,48.76460071017684,48.61766421742127,hard,5.0
40,2,0.005,1.0,1000000,1.0e6,0.0,0.0,0.0251188643150958,0.0,0.0251188643150958,0.0,200000,0,0,0,0,0,26.571570309312342,29.148461150490213,113.91523066736194,162.2197178085652,hard,5.0
40,2,0.005,1.0,1000000,1.0e6,0.0,0.0,1.0e-5,1.0e-5,0.0,0.0,54941,0,0,0,0,0,NaN,NaN,NaN,NaN,hard,5.0
40,2,0.005,1.0,1000000,1.0e6,0.0,0.0,2.51188643150958e-5,2.51188643150958e-5,0.0,0.0,54972,0,0,0,0,0,NaN,NaN,NaN,NaN,hard,5.0
40,2,0.005,1.0,1000000,1.0e6,0.0,0.0,0.0251188643150958,0.0251188643150958,0.0,0.0,200000,0,0,0,0,0,101.32362220564238,101.68939779303544,1510.3039689405714,1516.799427805699,hard,5.0
40,2,0.005,1.0,10000000,1.0e7,1.0e-6,1.0e-6,0.0,0.0,0.0,0.0,200000,500548.15758500434,2432.2046319087044,1975.8520052310375,9659.753493503309,9788.455335874225,539570.2553791242,831396.3868614747,549991.2402690169,830695.5298611037,hard,5.0
40,2,0.005,1.0,10000000,1.0e7,0.0,0.0,0.0015848931924611134,0.0,0.0015848931924611134,0.0,200000,0,0,0,0,0,372.44272862015526,381.57071482147734,1121.4672196335316,1287.1757208077004,hard,5.0
40,2,0.005,1.0,10000000,1.0e7,0.0039810717055349725,0.0039810717055349725,0.0,0.0,0.0,0.0,200000,0,0,0,0,0,127.25343064240828,127.11410313882472,121.48045802220639,121.52450985666066,hard,5.0
40,2,0.005,1.0,10000000,1.0e7,0.0,0.0,6.30957344480193e-6,0.0,6.30957344480193e-6,0.0,200000,84628.0546948726,2860.7150281853437,2780.3620242214533,1609.7492262617093,1612.601817296771,82099.80090232368,88237.64079584833,82051.7726449807,88396.68369938964,hard,5.0
40,2,0.005,1.0,10000000,1.0e7,0.0,0.0,2.51188643150958e-5,0.0,2.51188643150958e-5,0.0,200000,22937.078249894825,11006.90509934695,10961.231804795962,321.35377431906613,312.2277227722772,23632.416360138235,24144.201926356716,22076.49703591367,22783.951087171536,hard,5.0
40,2,0.005,1.0,10000000,1.0e7,0.0,0.0,3.98107170553497e-6,3.98107170553497e-6,0.0,0.0,97405,0,0,0,0,0,NaN,NaN,NaN,NaN,hard,5.0
40,2,0.005,1.0,10000000,1.0e7,0.0,0.0,0.0001,0.0001,0.0,0.0,200000,0,0,0,0,0,6015.173584436131,6054.324795582425,7753.950587622046,8032.061154077703,hard,5.0
40,2,0.005,1.0,10000000,1.0e7,0.0,0.0,0.001,0.0,0.001,0.0,200000,0,0,0,0,0,585.8244511467326,593.747278928942,1668.8009875983873,1843.1273478306825,hard,5.0
40,2,0.005,1.0,10000000,1.0e7,0.0,0.0,1.584893192461113e-5,1.584893192461113e-5,0.0,0.0,200000,39530.81159153634,5512.807530871708,5562.683164673413,640.7755923111309,629.6081803542673,37880.58163512977,39287.95597161504,36895.78123621922,38572.857672553815,hard,5.0
40,2,0.005,1.0,10000000,1.0e7,0.0,0.0,0.000251188643150958,0.000251188643150958,0.0,0.0,200000,0,0,0,0,0,2699.129106532477,2706.6086505257977,9617.40252911419,9854.725945410964,hard,5.0
40,2,0.005,1.0,10000000,1.0e7,0.0251188643150958,0.0251188643150958,0.0,0.0,0.0,0.0,200000,0,0,0,0,0,21.16427897493884,21.134978069184285,20.14041250152858,20.19524374470788,hard,5.0
40,2,0.005,1.0,10000000,1.0e7,3.981071705534972e-5,3.981071705534972e-5,0.0,0.0,0.0,0.0,200000,15378.60594795539,28699.98448275862,28122.03531598513,120.98461538461538,93.424,14121.036679914663,14315.563175130788,13195.667677726562,13444.691190948633,hard,5.0
40,2,0.005,1.0,10000000,1.0e7,0.000251188643150958,0.000251188643150958,0.0,0.0,0.0,0.0,200000,0,0,0,0,0,2064.868589291665,2070.315570043463,1939.3387831634757,1940.8040964823385,hard,5.0
40,2,0.005,1.0,10000000,1.0e7,0.0015848931924611134,0.0015848931924611134,0.0,0.0,0.0,0.0,200000,0,0,0,0,0,319.50857163685095,319.1154696950166,303.84131197657956,303.81344007546045,hard,5.0
40,2,0.005,1.0,10000000,1.0e7,0.0,0.0,0.0251188643150958,0.0,0.0251188643150958,0.0,200000,0,0,0,0,0,26.628661108445346,29.232073476331212,115.34157302858063,164.49577604954067,hard,5.0
40,2,0.005,1.0,10000000,1.0e7,0.0,0.0,3.981071705534972e-5,0.0,3.981071705534972e-5,0.0,200000,16327.151187904967,25594.316553727007,25514.794816414687,139.72347826086957,122.53682170542636,14966.518534843926,15185.5546009948,14610.824926338888,15001.089267266469,hard,5.0
40,2,0.005,1.0,10000000,1.0e7,0.0,0.0,1.0e-6,0.0,1.0e-6,0.0,74494,0,0,0,0,0,NaN,NaN,NaN,NaN,hard,5.0
40,2,0.005,1.0,10000000,1.0e7,0.0,0.0,6.30957344480193e-6,6.30957344480193e-6,0.0,0.0,148560,108203.43561562453,3119.955806299953,3119.7451416703752,1862.4676066393004,1893.7338141563234,296302.85544844094,145478.191182553,595191.5659770794,192409.5645888654,hard,5.0
40,2,0.005,1.0,10000000,1.0e7,0.01,0.01,0.0,0.0,0.0,0.0,200000,0,0,0,0,0,51.2532746539424,51.247546562617444,49.01767668270794,48.77063322721976,hard,5.0
40,2,0.005,1.0,10000000,1.0e7,0.0,0.0,0.01,0.01,0.0,0.0,200000,0,0,0,0,0,263.5984747960414,264.6513459514801,4041.745459326163,4060.570638045527,hard,5.0
40,2,0.005,1.0,10000000,1.0e7,0.0,0.0,2.51188643150958e-6,0.0,2.51188643150958e-6,0.0,191763,207377.57488202665,2217.387572451415,2061.0293046357615,3645.255934989043,3675.1987610619467,191866.17372455628,230013.45705910228,203711.2870769072,242055.4982242995,hard,5.0
40,2,0.005,1.0,10000000,1.0e7,0.0,0.0,1.58489319246111e-6,1.58489319246111e-6,0.0,0.0,73658,0,0,0,0,0,NaN,NaN,NaN,NaN,hard,5.0
40,2,0.005,1.0,10000000,1.0e7,0.0,0.0,0.0015848931924611134,0.0015848931924611134,0.0,0.0,200000,0,0,0,0,0,954.1685344879559,955.7677143701268,11757.419229460225,11908.64928976027,hard,5.0
40,2,0.005,1.0,10000000,1.0e7,0.0,0.0,0.0039810717055349725,0.0,0.0039810717055349725,0.0,200000,0,0,0,0,0,146.48435340005392,153.24967165155232,431.73053873937624,561.9748135619889,hard,5.0
40,2,0.005,1.0,10000000,1.0e7,0.0,0.0,1.58489319246111e-6,0.0,1.58489319246111e-6,0.0,101018,383409.967032967,622.1864406779661,539.2608695652174,0,0,330176.1140989242,401346.9808979233,415639.9746371685,462406.8130090424,hard,5.0
40,2,0.005,1.0,10000000,1.0e7,0.0,0.0,0.00015848931924611134,0.00015848931924611134,0.0,0.0,200000,0,0,0,0,0,3840.6439821937533,3854.1885714657883,7187.296162761762,7403.984585215895,hard,5.0
40,2,0.005,1.0,10000000,1.0e7,0.0,0.0,0.00015848931924611134,0.0,0.00015848931924611134,0.0,200000,0,0,0,0,0,3678.827819364855,3696.743460181936,5623.407291606041,5863.4879863693495,hard,5.0
40,2,0.005,1.0,10000000,1.0e7,0.0,0.0,3.98107170553497e-6,0.0,3.98107170553497e-6,0.0,200000,135041.97547461558,2444.240356861716,2343.5355210033504,2499.3926469256544,2517.6506977157587,126248.30263826324,141982.95809026476,130569.37595379978,146500.68797733207,hard,5.0
40,2,0.005,1.0,10000000,1.0e7,0.0,0.0,0.00039810717055349724,0.0,0.00039810717055349724,0.0,200000,0,0,0,0,0,1479.9535122500324,1491.5979076811539,3951.0569102945888,4149.672481982208,hard,5.0
40,2,0.005,1.0,10000000,1.0e7,0.015848931924611134,0.015848931924611134,0.0,0.0,0.0,0.0,200000,0,0,0,0,0,32.790028313780056,32.821028151784176,31.179483733059058,31.490986011966953,hard,5.0
40,2,0.005,1.0,10000000,1.0e7,0.0,0.0,0.00039810717055349724,0.00039810717055349724,0.0,0.0,200000,0,0,0,0,0,2008.3009311253193,2008.8841774088594,11997.416611601197,12212.802436172466,hard,5.0
40,2,0.005,1.0,10000000,1.0e7,0.0025118864315095803,0.0025118864315095803,0.0,0.0,0.0,0.0,200000,0,0,0,0,0,200.18266277031063,200.55033554667037,191.39907381326412,191.95089700951158,hard,5.0
40,2,0.005,1.0,10000000,1.0e7,0.0,0.0,0.015848931924611134,0.015848931924611134,0.0,0.0,200000,0,0,0,0,0,155.33683722229733,156.01450230673805,2339.8263674880805,2351.094696982064,hard,5.0
40,2,0.005,1.0,10000000,1.0e7,0.0,0.0,0.0025118864315095803,0.0,0.0025118864315095803,0.0,200000,0,0,0,0,0,232.06140285534227,239.81451095446292,688.8938029217126,836.0290659621957,hard,5.0
40,2,0.005,1.0,10000000,1.0e7,6.30957344480193e-6,6.30957344480193e-6,0.0,0.0,0.0,0.0,200000,81856.41522395171,2985.4103792575893,2912.709617217281,1522.9305844209825,1530.3735043435502,80045.42157793489,85980.95836569727,78879.78870903674,84638.53642059583,hard,5.0
40,2,0.005,1.0,10000000,1.0e7,0.0,0.0,0.000251188643150958,0.0,0.000251188643150958,0.0,200000,0,0,0,0,0,2374.4297429958365,2387.581397537846,5264.821332708123,5486.65106192034,hard,5.0
40,2,0.005,1.0,10000000,1.0e7,0.0,0.0,1.584893192461113e-5,0.0,1.584893192461113e-5,0.0,200000,35639.22208715736,5540.063884001699,5590.0627849024495,604.7232375979112,606.0994066228546,36050.40304463667,37247.65575740073,33425.35465832929,34820.88546535606,hard,5.0
40,2,0.005,1.0,10000000,1.0e7,0.0,0.0,0.0025118864315095803,0.0025118864315095803,0.0,0.0,200000,0,0,0,0,0,707.9695957728001,709.4439439356169,9496.700344112298,9605.1344770409,hard,5.0
40,2,0.005,1.0,10000000,1.0e7,0.0,0.0,0.0001,0.0,0.0001,0.0,200000,0,0,0,0,0,5896.836668477218,5937.774047408011,6970.308695551137,7219.447651074353,hard,5.0
40,2,0.005,1.0,10000000,1.0e7,1.584893192461113e-5,1.584893192461113e-5,0.0,0.0,0.0,0.0,200000,33881.58235372695,6033.437273863562,6101.416978359604,562.0599819707371,565.1878523111612,34259.5019448686,35309.62354301516,33139.53309095625,34178.97399358377,hard,5.0
40,2,0.005,1.0,10000000,1.0e7,0.0,0.0,0.01,0.0,0.01,0.0,200000,0,0,0,0,0,60.01046673220189,64.79731171893985,189.9683735252205,282.44032145840805,hard,5.0
40,2,0.005,1.0,10000000,1.0e7,0.0,0.0,3.981071705534972e-5,3.981071705534972e-5,0.0,0.0,200000,18591.161352657004,25865.711604095563,26505.11111111111,138.6779411764706,151.52548330404218,15275.295458975106,15499.477306076491,14739.488174056829,15183.391071792188,hard,5.0
40,2,0.005,1.0,10000000,1.0e7,0.0,0.0,1.0e-5,1.0e-5,0.0,0.0,200000,63817.75016327775,3641.8891309082987,3648.0357904819957,1090.401127395716,1091.675891287691,61723.3745929541,65691.54329449513,65226.809560708854,69624.81104047687,hard,5.0
40,2,0.005,1.0,10000000,1.0e7,0.0,0.0,2.51188643150958e-5,2.51188643150958e-5,0.0,0.0,200000,25200.58174330817,10758.632663918073,11017.023884694578,335.6617734282325,324.4020586879705,23986.869944593316,24526.290254469222,22561.557578256958,23317.524634792393,hard,5.0
40,2,0.005,1.0,10000000,1.0e7,0.0,0.0,0.006309573444801933,0.006309573444801933,0.0,0.0,200000,0,0,0,0,0,367.2983685753158,368.72540227705235,5444.010710857832,5476.66359495315,hard,5.0
40,2,0.005,1.0,10000000,1.0e7,0.0,0.0,6.309573444801932e-5,0.0,6.309573444801932e-5,0.0,200000,16184.857142857143,19116.0,49204.28571428572,0,0,9424.64613629214,9523.35798840407,9597.502679497313,9907.835605181604,hard,5.0
40,2,0.005,1.0,10000000,1.0e7,0.0006309573444801932,0.0006309573444801932,0.0,0.0,0.0,0.0,200000,0,0,0,0,0,813.283396901935,814.2998957499249,769.3705882636207,771.3742678659958,hard,5.0
40,2,0.005,1.0,10000000,1.0e7,0.0,0.0,0.015848931924611134,0.0,0.015848931924611134,0.0,200000,0,0,0,0,0,39.219394155297586,42.71920708314658,138.0945399103354,205.86645035858274,hard,5.0
40,2,0.005,1.0,10000000,1.0e7,0.0,0.0,0.0251188643150958,0.0251188643150958,0.0,0.0,200000,0,0,0,0,0,102.68875917782331,102.61798174476037,1557.9562177914108,1557.1054280234287,hard,5.0
40,2,0.005,1.0,10000000,1.0e7,3.98107170553497e-6,3.98107170553497e-6,0.0,0.0,0.0,0.0,200000,130305.57987012988,2580.074015121369,2461.218528138528,2422.2972019966114,2434.434946236559,124892.94644234613,140477.2011913166,124591.93003245172,139701.17933371986,hard,5.0
40,2,0.005,1.0,10000000,1.0e7,1.0e-5,1.0e-5,0.0,0.0,0.0,0.0,200000,52164.55190211346,3894.7359282238986,3873.99510567297,945.0794061878555,950.0628255358378,52277.65733986589,54775.40870081229,50775.27166839438,53203.09907659747,hard,5.0
40,2,0.005,1.0,10000000,1.0e7,0.0,0.0,0.0039810717055349725,0.0039810717055349725,0.0,0.0,200000,0,0,0,0,0,548.7022206832712,551.962658410582,7957.935300188358,8045.7963023674065,hard,5.0
40,2,0.005,1.0,10000000,1.0e7,1.58489319246111e-6,1.58489319246111e-6,0.0,0.0,0.0,0.0,200000,327110.3077552234,2359.5084978279097,2087.262919176147,6197.964589579451,6246.849396163864,327651.43248188123,451359.6552990962,334576.0383583715,452647.7160066016,hard,5.0
40,2,0.005,1.0,10000000,1.0e7,0.0,0.0,2.51188643150958e-6,2.51188643150958e-6,0.0,0.0,85362,0,0,0,0,0,NaN,NaN,NaN,NaN,hard,5.0
40,2,0.005,1.0,10000000,1.0e7,0.0,0.0,0.0006309573444801932,0.0,0.0006309573444801932,0.0,200000,0,0,0,0,0,935.4800142205609,946.1569290331784,2665.0326093881777,2853.7851058823835,hard,5.0
40,2,0.005,1.0,10000000,1.0e7,0.00039810717055349724,0.00039810717055349724,0.0,0.0,0.0,0.0,200000,0,0,0,0,0,1296.915235561432,1299.0723735704858,1271.0617010902115,1279.9322281470104,hard,5.0
40,2,0.005,1.0,10000000,1.0e7,2.51188643150958e-6,2.51188643150958e-6,0.0,0.0,0.0,0.0,200000,201222.7378558127,2421.0592745663166,2266.311519021016,3731.234709523539,3759.9739106300303,194108.4966328822,235363.8526847329,195033.12097326596,234688.12860826266,hard,5.0
40,2,0.005,1.0,10000000,1.0e7,6.309573444801932e-5,6.309573444801932e-5,0.0,0.0,0.0,0.0,200000,15285.0,2412.0,8438.0,0,0,8709.971639999549,8786.753474731646,8482.622346410362,8574.273191677126,hard,5.0
40,2,0.005,1.0,10000000,1.0e7,0.0,0.0,6.309573444801932e-5,6.309573444801932e-5,0.0,0.0,200000,9534.2,21756.11111111111,45000.4,0,0,9564.809889609736,9659.112713255025,10180.200871483268,10476.066948981354,hard,5.0
40,2,0.005,1.0,10000000,1.0e7,0.001,0.001,0.0,0.0,0.0,0.0,200000,0,0,0,0,0,505.2688108575555,505.9366855866343,481.0174759965961,477.04928569186944,hard,5.0
40,2,0.005,1.0,10000000,1.0e7,0.0,0.0,1.0e-6,1.0e-6,0.0,0.0,73775,0,0,0,0,0,NaN,NaN,NaN,NaN,hard,5.0
40,2,0.005,1.0,10000000,1.0e7,0.0,0.0,1.0e-5,0.0,1.0e-5,0.0,200000,54584.947330355244,3640.218733916624,3607.7029142735587,1020.623757543486,1017.9009900990098,55012.671093938574,57765.78222094593,52389.973490588294,55186.96837003404,hard,5.0
40,2,0.005,1.0,10000000,1.0e7,2.51188643150958e-5,2.51188643150958e-5,0.0,0.0,0.0,0.0,200000,22479.990944814625,12571.701725004186,12654.00563813429,276.60660776027663,281.99901826035733,22102.83081908356,22561.672153605443,21230.85312376291,21686.960000029696,hard,5.0
40,2,0.005,1.0,10000000,1.0e7,0.0,0.0,0.001,0.001,0.0,0.0,200000,0,0,0,0,0,1287.191179898568,1287.0319778661687,14141.353480686701,14335.58036987386,hard,5.0
40,2,0.005,1.0,10000000,1.0e7,0.0,0.0,0.006309573444801933,0.0,0.006309573444801933,0.0,200000,0,0,0,0,0,93.12490841846653,98.77091912891007,277.0256187446507,390.23717838782557,hard,5.0
40,2,0.005,1.0,10000000,1.0e7,0.0001,0.0001,0.0,0.0,0.0,0.0,200000,0,0,0,0,0,5450.631231141677,5487.878108372888,5252.525610682675,5279.618483319885,hard,5.0
40,2,0.005,1.0,10000000,1.0e7,0.0,0.0,0.0006309573444801932,0.0006309573444801932,0.0,0.0,200000,0,0,0,0,0,1596.382438533819,1597.1416566299872,13868.312195601486,14076.764263274861,hard,5.0
40,2,0.005,1.0,10000000,1.0e7,0.00015848931924611134,0.00015848931924611134,0.0,0.0,0.0,0.0,200000,0,0,0,0,0,3376.894979194227,3388.0675790935516,3242.2562221693706,3256.4095526924307,hard,5.0
40,2,0.005,1.0,10000000,1.0e7,0.006309573444801933,0.006309573444801933,0.0,0.0,0.0,0.0,200000,0,0,0,0,0,80.5823078622731,80.58755113181684,76.64491962919884,75.77097502133093,hard,5.0
50,2,0.005,1.0,1000000,1.0e6,0.0,0.0,6.309573444801932e-5,6.309573444801932e-5,0.0,0.0,56166,0,0,0,0,0,NaN,NaN,NaN,NaN,hard,5.0
50,2,0.005,1.0,1000000,1.0e6,0.0,0.0,0.0251188643150958,0.0251188643150958,0.0,0.0,200000,0,0,0,0,0,97.03222672851571,97.94995600009948,1791.2940366024923,1810.78379252839,hard,5.0
50,2,0.005,1.0,1000000,1.0e6,0.0,0.0,3.98107170553497e-6,0.0,3.98107170553497e-6,0.0,54273,0,0,0,0,0,NaN,NaN,NaN,NaN,hard,5.0
50,2,0.005,1.0,1000000,1.0e6,0.0,0.0,0.0001,0.0,0.0001,0.0,200000,5467.313722745249,1575.7739806989996,1544.6452571588406,1614.4948788228505,1617.702270575415,4900.257780377346,5283.756698137965,4996.386972811495,5526.026558605379,hard,5.0
50,2,0.005,1.0,1000000,1.0e6,2.51188643150958e-5,2.51188643150958e-5,0.0,0.0,0.0,0.0,200000,20220.753614234523,1498.7334832021982,1348.6667901387002,5827.791937181962,5904.449375866851,19782.06400430468,28881.955289518046,20461.317815327504,29395.880591091292,hard,5.0
50,2,0.005,1.0,1000000,1.0e6,0.0,0.0,0.000251188643150958,0.000251188643150958,0.0,0.0,200000,2481.3714184988144,2222.511588176514,2204.5324278492353,678.9487841370579,674.3320823066756,2251.062072711215,2319.79675125582,2925.5122374044972,3214.190346917886,hard,5.0
50,2,0.005,1.0,1000000,1.0e6,0.0,0.0,0.0039810717055349725,0.0,0.0039810717055349725,0.0,200000,0,0,0,0,0,142.05676126718836,147.01732261534076,401.4779111693167,535.8653918179934,hard,5.0
50,2,0.005,1.0,1000000,1.0e6,0.0,0.0,0.0025118864315095803,0.0,0.0025118864315095803,0.0,200000,0,0,0,0,0,222.87526617647063,228.49993337553724,573.9302973138116,724.6239553994276,hard,5.0
50,2,0.005,1.0,1000000,1.0e6,0.0039810717055349725,0.0039810717055349725,0.0,0.0,0.0,0.0,200000,0,0,0,0,0,127.0833947612218,127.42320155451635,122.09147436937808,122.52926159646316,hard,5.0
50,2,0.005,1.0,1000000,1.0e6,3.981071705534972e-5,3.981071705534972e-5,0.0,0.0,0.0,0.0,200000,13120.783151416628,1474.2932178508515,1382.8490615299818,3786.6258870108118,3817.1948204295254,12318.921164181394,15470.419783676958,12975.166030448236,16068.13701523578,hard,5.0
50,2,0.005,1.0,1000000,1.0e6,0.0,0.0,0.001,0.0,0.001,0.0,200000,802.2330952380952,22565.987331426237,24707.544502617802,51.16487358795051,43.68065573770492,544.3261868677727,552.3634411588695,945.9584499984252,1122.4163819407186,hard,5.0
50,2,0.005,1.0,1000000,1.0e6,0.0,0.0,3.98107170553497e-6,3.98107170553497e-6,0.0,0.0,56864,0,0,0,0,0,NaN,NaN,NaN,NaN,hard,5.0
50,2,0.005,1.0,1000000,1.0e6,0.0,0.0,0.0001,0.0001,0.0,0.0,122610,6013.249585512052,1560.6510344827586,1511.224686940966,1565.7315555555556,1584.2990223463687,13065.928812155933,9626.017311147409,26581.431354898177,12099.033874494446,hard,5.0
50,2,0.005,1.0,1000000,1.0e6,0.006309573444801933,0.006309573444801933,0.0,0.0,0.0,0.0,200000,0,0,0,0,0,80.56067846084011,80.50613440010805,77.02925182367596,76.93477952591181,hard,5.0
50,2,0.005,1.0,1000000,1.0e6,0.0,0.0,3.981071705534972e-5,0.0,3.981071705534972e-5,0.0,103199,7096.3613037447985,614.8385542168675,557.429849077697,660.8806907378336,681.4541778975741,12175.99858845118,14784.214562269535,12732.383650688158,15608.933992315113,hard,5.0
50,2,0.005,1.0,1000000,1.0e6,1.0e-6,1.0e-6,0.0,0.0,0.0,0.0,57759,0,0,0,0,0,NaN,NaN,NaN,NaN,hard,5.0
50,2,0.005,1.0,1000000,1.0e6,0.0,0.0,0.00039810717055349724,0.00039810717055349724,0.0,0.0,200000,1642.2395537167395,3159.253499222395,3103.088951530812,379.0151443928958,375.15722336990314,1434.8560569380925,1459.5642683747435,2248.2745537337014,2490.4515210095574,hard,5.0
50,2,0.005,1.0,1000000,1.0e6,0.0,0.0,0.00015848931924611134,0.00015848931924611134,0.0,0.0,200000,3875.131284646126,1812.5849991068965,1793.6607056704513,1120.6960137844196,1114.355594927572,3714.2663340595263,3951.59699167306,4497.803186652437,5002.738169499282,hard,5.0
50,2,0.005,1.0,1000000,1.0e6,0.00039810717055349724,0.00039810717055349724,0.0,0.0,0.0,0.0,200000,1458.3538691538736,3597.1221644351003,3624.3330734271967,309.43080072793447,309.9329867393445,1262.4216721424798,1282.3627849571974,1231.5291757193852,1251.5686110678532,hard,5.0
50,2,0.005,1.0,1000000,1.0e6,0.0,0.0,2.51188643150958e-6,0.0,2.51188643150958e-6,0.0,54559,0,0,0,0,0,NaN,NaN,NaN,NaN,hard,5.0
50,2,0.005,1.0,1000000,1.0e6,3.98107170553497e-6,3.98107170553497e-6,0.0,0.0,0.0,0.0,53475,0,0,0,0,0,NaN,NaN,NaN,NaN,hard,5.0
50,2,0.005,1.0,1000000,1.0e6,0.0,0.0,6.309573444801932e-5,0.0,6.309573444801932e-5,0.0,200000,8528.265573770492,1453.5113880995436,1400.943236458023,2427.302230968227,2437.7658649540163,7580.035121375862,8559.929999454276,7766.773659740275,8854.85211866403,hard,5.0
50,2,0.005,1.0,1000000,1.0e6,0.0,0.0,0.00015848931924611134,0.0,0.00015848931924611134,0.0,200000,3515.9738057586624,1799.1749748554187,1782.8186381834105,1038.8403864951047,1043.8100735024475,3177.726921161344,3341.9923612103144,3191.329840142042,3517.0540010557634,hard,5.0
50,2,0.005,1.0,1000000,1.0e6,0.001,0.001,0.0,0.0,0.0,0.0,200000,838.7862464183381,33956.38751406074,32893.50028653295,26.08985200845666,20.14475138121547,505.43379518958506,508.85057882984813,476.01870705005376,483.5656519651089,hard,5.0
50,2,0.005,1.0,1000000,1.0e6,0.0,0.0,0.015848931924611134,0.015848931924611134,0.0,0.0,200000,0,0,0,0,0,132.0583972218165,133.93102065747354,2327.827943609132,2366.866810221937,hard,5.0
50,2,0.005,1.0,1000000,1.0e6,0.0,0.0,1.58489319246111e-6,0.0,1.58489319246111e-6,0.0,53875,0,0,0,0,0,NaN,NaN,NaN,NaN,hard,5.0
50,2,0.005,1.0,1000000,1.0e6,0.000251188643150958,0.000251188643150958,0.0,0.0,0.0,0.0,200000,2180.5013544828485,2342.5595535728876,2335.9875004074183,593.4614486760488,592.6977734173637,1968.6683523414517,2030.155428477863,1957.4642682781398,2024.215524362644,hard,5.0
50,2,0.005,1.0,1000000,1.0e6,0.00015848931924611134,0.00015848931924611134,0.0,0.0,0.0,0.0,200000,3395.992023522788,1850.5826836016097,1827.2921390424435,989.7444663493133,993.9118972187287,3070.483388354888,3214.2939732227032,3064.0982272541005,3195.937779449005,hard,5.0
50,2,0.005,1.0,1000000,1.0e6,0.0,0.0,0.000251188643150958,0.0,0.000251188643150958,0.0,200000,2257.470808887179,2257.5356642003967,2237.495781772776,641.9946227718214,639.3953169393553,2049.5321081610577,2119.0758594614485,2181.3484221852814,2432.1494886904657,hard,5.0
50,2,0.005,1.0,1000000,1.0e6,0.0,0.0,1.0e-6,0.0,1.0e-6,0.0,54006,0,0,0,0,0,NaN,NaN,NaN,NaN,hard,5.0
50,2,0.005,1.0,1000000,1.0e6,6.30957344480193e-6,6.30957344480193e-6,0.0,0.0,0.0,0.0,55729,0,0,0,0,0,NaN,NaN,NaN,NaN,hard,5.0
50,2,0.005,1.0,1000000,1.0e6,0.0,0.0,0.0025118864315095803,0.0025118864315095803,0.0,0.0,200000,872.942760942761,37796.95,36756.333333333336,52.390243902439025,34.208333333333336,328.80398712292856,327.7451564008052,2627.8258058327096,2807.5174968102297,hard,5.0
50,2,0.005,1.0,1000000,1.0e6,0.0,0.0,0.0039810717055349725,0.0039810717055349725,0.0,0.0,200000,950.5806451612904,33148.53846153846,17025.516129032258,20.75,28.0,258.62565601248787,260.073794161805,2878.6914883746654,3048.6874311165275,hard,5.0
50,2,0.005,1.0,1000000,1.0e6,0.0251188643150958,0.0251188643150958,0.0,0.0,0.0,0.0,200000,0,0,0,0,0,21.147849062575926,21.135038674510934,20.296021889663585,20.319156058642054,hard,5.0
50,2,0.005,1.0,1000000,1.0e6,0.0,0.0,0.01,0.0,0.01,0.0,200000,0,0,0,0,0,58.32821864314251,62.141789528914366,194.5118186187589,288.49682919788347,hard,5.0
50,2,0.005,1.0,1000000,1.0e6,0.0,0.0,1.58489319246111e-6,1.58489319246111e-6,0.0,0.0,52461,0,0,0,0,0,NaN,NaN,NaN,NaN,hard,5.0
50,2,0.005,1.0,1000000,1.0e6,0.0025118864315095803,0.0025118864315095803,0.0,0.0,0.0,0.0,200000,0,0,0,0,0,200.95302536029288,201.34589247734576,190.6211950283354,192.61632096187688,hard,5.0
50,2,0.005,1.0,1000000,1.0e6,0.0,0.0,0.0015848931924611134,0.0015848931924611134,0.0,0.0,200000,894.0652772316162,30686.54168908015,27939.906802988597,47.48936170212766,49.9251572327044,446.7684226299459,444.3350870617838,2347.8320720602173,2535.3603516732296,hard,5.0
50,2,0.005,1.0,1000000,1.0e6,0.0,0.0,0.015848931924611134,0.0,0.015848931924611134,0.0,200000,0,0,0,0,0,37.98967105206519,40.97099108066574,141.42084985341015,211.9962689924741,hard,5.0
50,2,0.005,1.0,1000000,1.0e6,0.0,0.0,1.0e-6,1.0e-6,0.0,0.0,55348,0,0,0,0,0,NaN,NaN,NaN,NaN,hard,5.0
50,2,0.005,1.0,1000000,1.0e6,0.0,0.0,2.51188643150958e-5,0.0,2.51188643150958e-5,0.0,59754,0,0,0,0,0,NaN,NaN,NaN,NaN,hard,5.0
50,2,0.005,1.0,1000000,1.0e6,1.584893192461113e-5,1.584893192461113e-5,0.0,0.0,0.0,0.0,53507,0,0,0,0,0,NaN,NaN,NaN,NaN,hard,5.0
50,2,0.005,1.0,1000000,1.0e6,0.0,0.0,3.981071705534972e-5,3.981071705534972e-5,0.0,0.0,54835,0,0,0,0,0,NaN,NaN,NaN,NaN,hard,5.0
50,2,0.005,1.0,1000000,1.0e6,0.0,0.0,1.0e-5,1.0e-5,0.0,0.0,53969,0,0,0,0,0,NaN,NaN,NaN,NaN,hard,5.0
50,2,0.005,1.0,1000000,1.0e6,0.0,0.0,2.51188643150958e-5,2.51188643150958e-5,0.0,0.0,53452,0,0,0,0,0,NaN,NaN,NaN,NaN,hard,5.0
50,2,0.005,1.0,1000000,1.0e6,0.0,0.0,0.006309573444801933,0.0,0.006309573444801933,0.0,200000,0,0,0,0,0,90.37745792001103,94.90600513624919,269.880701741532,383.21676683936556,hard,5.0
50,2,0.005,1.0,1000000,1.0e6,1.58489319246111e-6,1.58489319246111e-6,0.0,0.0,0.0,0.0,53987,0,0,0,0,0,NaN,NaN,NaN,NaN,hard,5.0
50,2,0.005,1.0,1000000,1.0e6,0.0,0.0,0.00039810717055349724,0.0,0.00039810717055349724,0.0,200000,1484.943586035943,3333.6394151779214,3311.229711056572,351.78108327286697,346.32396005247347,1321.211635181989,1351.2212859089889,1549.3342015154876,1772.893702843305,hard,5.0
50,2,0.005,1.0,1000000,1.0e6,0.0,0.0,0.0015848931924611134,0.0,0.0015848931924611134,0.0,200000,626.1891891891892,48543.28358208955,45576.08108108108,11.666666666666666,8.0,347.9977720249509,354.0933800877313,753.3629064472328,920.9331694652392,hard,5.0
50,2,0.005,1.0,1000000,1.0e6,0.0,0.0,0.0006309573444801932,0.0006309573444801932,0.0,0.0,200000,1177.5232550198061,5999.076337813847,5658.322402508863,181.99328935395815,179.86567535840064,929.0747761026871,937.0934697674817,1950.8777541780091,2158.091498895135,hard,5.0
50,2,0.005,1.0,1000000,1.0e6,0.015848931924611134,0.015848931924611134,0.0,0.0,0.0,0.0,200000,0,0,0,0,0,32.829463699556904,32.761560487289685,31.302689890338197,31.422580852187426,hard,5.0
50,2,0.005,1.0,1000000,1.0e6,0.0001,0.0001,0.0,0.0,0.0,0.0,200000,5276.46496526992,1610.3990880184492,1584.3155890229905,1550.2851302376234,1561.8002025694334,4764.9083756511445,5122.261418184537,4917.069651400755,5270.164822336404,hard,5.0
50,2,0.005,1.0,1000000,1.0e6,1.0e-5,1.0e-5,0.0,0.0,0.0,0.0,56916,0,0,0,0,0,NaN,NaN,NaN,NaN,hard,5.0
50,2,0.005,1.0,1000000,1.0e6,0.0,0.0,0.0006309573444801932,0.0,0.0006309573444801932,0.0,200000,1025.6863947880531,6838.598156951047,6926.837226986608,158.75954651316079,146.94555822863762,850.5364785223978,864.5378439559634,1201.131700108018,1399.0955782865237,hard,5.0
50,2,0.005,1.0,1000000,1.0e6,0.0,0.0,1.0e-5,0.0,1.0e-5,0.0,53343,0,0,0,0,0,NaN,NaN,NaN,NaN,hard,5.0
50,2,0.005,1.0,1000000,1.0e6,0.0,0.0,1.584893192461113e-5,0.0,1.584893192461113e-5,0.0,53782,0,0,0,0,0,NaN,NaN,NaN,NaN,hard,5.0
50,2,0.005,1.0,1000000,1.0e6,0.0015848931924611134,0.0015848931924611134,0.0,0.0,0.0,0.0,200000,900.75,65404.0,35799.75,0,1.0,318.69848953693213,320.64191953250975,308.56716933230433,305.36857073467587,hard,5.0
50,2,0.005,1.0,1000000,1.0e6,0.0,0.0,0.006309573444801933,0.006309573444801933,0.0,0.0,200000,0,0,0,0,0,208.03498997032935,211.18122587330362,2907.480660849414,3030.467465045246,hard,5.0
50,2,0.005,1.0,1000000,1.0e6,0.0,0.0,6.30957344480193e-6,0.0,6.30957344480193e-6,0.0,53029,0,0,0,0,0,NaN,NaN,NaN,NaN,hard,5.0
50,2,0.005,1.0,1000000,1.0e6,0.0,0.0,1.584893192461113e-5,1.584893192461113e-5,0.0,0.0,53878,0,0,0,0,0,NaN,NaN,NaN,NaN,hard,5.0
50,2,0.005,1.0,1000000,1.0e6,0.0006309573444801932,0.0006309573444801932,0.0,0.0,0.0,0.0,200000,1025.4170934699105,8610.34382178535,8607.990891173495,117.12564307762662,113.3822087987235,799.1096375033236,808.8504977621384,777.2637388570187,782.004447562605,hard,5.0
50,2,0.005,1.0,1000000,1.0e6,2.51188643150958e-6,2.51188643150958e-6,0.0,0.0,0.0,0.0,54050,0,0,0,0,0,NaN,NaN,NaN,NaN,hard,5.0
50,2,0.005,1.0,1000000,1.0e6,6.309573444801932e-5,6.309573444801932e-5,0.0,0.0,0.0,0.0,200000,8234.502049224298,1499.333470359152,1450.3875083084972,2400.240448938771,2418.2132602281235,7520.191795923337,8475.497379602935,7806.13124101808,8763.274809907167,hard,5.0
50,2,0.005,1.0,1000000,1.0e6,0.0,0.0,0.001,0.001,0.0,0.0,200000,969.9452717442853,15245.220963172804,13697.542811138474,81.18097272841523,80.80467159541412,624.7306011524923,626.1063634337775,1987.986833329488,2189.2654773246877,hard,5.0
50,2,0.005,1.0,1000000,1.0e6,0.0,0.0,0.01,0.01,0.0,0.0,200000,1405.0,0,1473.0,0,0,167.70867900743423,171.56916123987028,2709.835337160716,2800.0356039562657,hard,5.0
50,2,0.005,1.0,1000000,1.0e6,0.0,0.0,6.30957344480193e-6,6.30957344480193e-6,0.0,0.0,53978,0,0,0,0,0,NaN,NaN,NaN,NaN,hard,5.0
50,2,0.005,1.0,1000000,1.0e6,0.0,0.0,2.51188643150958e-6,2.51188643150958e-6,0.0,0.0,54631,0,0,0,0,0,NaN,NaN,NaN,NaN,hard,5.0
50,2,0.005,1.0,1000000,1.0e6,0.01,0.01,0.0,0.0,0.0,0.0,200000,0,0,0,0,0,51.22572032720175,51.19634890941592,49.227916640801496,49.073100448870974,hard,5.0
50,2,0.005,1.0,1000000,1.0e6,0.0,0.0,0.0251188643150958,0.0,0.0251188643150958,0.0,200000,0,0,0,0,0,25.597352996227457,27.713565328004922,117.05841057191293,168.1642548813727,hard,5.0
50,2,0.005,1.0,10000000,1.0e7,0.001,0.001,0.0,0.0,0.0,0.0,200000,0,0,0,0,0,503.4445344383617,504.4147535430414,483.8415481843446,486.4619308850383,hard,5.0
50,2,0.005,1.0,10000000,1.0e7,0.0,0.0,0.000251188643150958,0.0,0.000251188643150958,0.0,200000,0,0,0,0,0,2255.6958318128018,2267.885461227159,4214.459144573574,4436.458437696871,hard,5.0
50,2,0.005,1.0,10000000,1.0e7,0.0,0.0,0.0039810717055349725,0.0,0.0039810717055349725,0.0,200000,0,0,0,0,0,142.22315021030332,148.02368366978115,427.1392774641837,562.4753173393242,hard,5.0
50,2,0.005,1.0,10000000,1.0e7,0.0,0.0,0.0001,0.0,0.0001,0.0,200000,15131.9,42485.294117647056,35159.5,0,19.0,5650.39116342201,5703.952094792303,6141.467747021175,6378.607852031657,hard,5.0
50,2,0.005,1.0,10000000,1.0e7,0.0,0.0,0.0006309573444801932,0.0006309573444801932,0.0,0.0,200000,0,0,0,0,0,1307.024619003888,1308.094047069419,10718.984602141156,10950.995291897798,hard,5.0
50,2,0.005,1.0,10000000,1.0e7,0.0,0.0,2.51188643150958e-5,2.51188643150958e-5,0.0,0.0,200000,24205.127272727274,5006.3218367346935,5074.323366747321,612.1400887311446,616.9945136256994,23049.509047216503,23873.006986263274,22863.0244577893,23934.764193022103,hard,5.0
50,2,0.005,1.0,10000000,1.0e7,0.0,0.0,6.309573444801932e-5,6.309573444801932e-5,0.0,0.0,200000,10954.468705882353,26505.31511528608,26498.21505882353,125.56875,126.15450310559007,9126.330917192807,9252.533104016298,9298.14239390516,9642.253283831042,hard,5.0
50,2,0.005,1.0,10000000,1.0e7,0.0,0.0,3.98107170553497e-6,3.98107170553497e-6,0.0,0.0,89952,0,0,0,0,0,NaN,NaN,NaN,NaN,hard,5.0
50,2,0.005,1.0,10000000,1.0e7,0.0,0.0,0.0039810717055349725,0.0039810717055349725,0.0,0.0,200000,0,0,0,0,0,452.10651406960136,454.4353631155569,7711.989975501534,7817.077318904195,hard,5.0
50,2,0.005,1.0,10000000,1.0e7,0.0,0.0,0.015848931924611134,0.0,0.015848931924611134,0.0,200000,0,0,0,0,0,38.01716311635532,41.00190170095451,141.7196001183556,213.2099542977327,hard,5.0
50,2,0.005,1.0,10000000,1.0e7,0.0,0.0,0.01,0.0,0.01,0.0,200000,0,0,0,0,0,58.17304561427658,61.98780596964919,192.34835736818349,285.1304911065799,hard,5.0
50,2,0.005,1.0,10000000,1.0e7,0.0,0.0,0.000251188643150958,0.000251188643150958,0.0,0.0,200000,0,0,0,0,0,2421.5162984627477,2430.142637852573,6557.477552208419,6776.599084586814,hard,5.0
50,2,0.005,1.0,10000000,1.0e7,0.0006309573444801932,0.0006309573444801932,0.0,0.0,0.0,0.0,200000,0,0,0,0,0,804.2881275413997,803.6793210285382,766.7879028860604,763.2716339280526,hard,5.0
50,2,0.005,1.0,10000000,1.0e7,0.000251188643150958,0.000251188643150958,0.0,0.0,0.0,0.0,200000,0,0,0,0,0,2060.3409884833245,2067.4878763969964,1980.2248198281331,1988.195548294356,hard,5.0
50,2,0.005,1.0,10000000,1.0e7,3.98107170553497e-6,3.98107170553497e-6,0.0,0.0,0.0,0.0,200000,129268.79468718151,2245.709046290382,2085.184173324128,3732.414732487203,3772.0582693888737,124844.20608385657,154131.57970448284,128016.13615506273,157629.86905692273,hard,5.0
50,2,0.005,1.0,10000000,1.0e7,0.0,0.0,0.0006309573444801932,0.0,0.0006309573444801932,0.0,200000,0,0,0,0,0,906.396755650296,913.4500036004747,2464.846373235154,2657.7763402084606,hard,5.0
50,2,0.005,1.0,10000000,1.0e7,0.0,0.0,0.0001,0.0001,0.0,0.0,200000,11047.8,44073.0,41118.333333333336,0,4.2,5794.741442418783,5847.118164548391,6761.814781603305,7051.3840334050865,hard,5.0
50,2,0.005,1.0,10000000,1.0e7,0.0,0.0,1.0e-5,0.0,1.0e-5,0.0,200000,53445.85981752518,2683.4589462551676,2629.5093613381487,1576.24671240001,1583.2101901475662,51053.65831903201,54966.59441660947,51416.40872569044,55383.409593359975,hard,5.0
50,2,0.005,1.0,10000000,1.0e7,6.30957344480193e-6,6.30957344480193e-6,0.0,0.0,0.0,0.0,200000,81617.09072511761,2400.0748574335357,2299.870141133801,2371.1332281459336,2385.0824190745166,78186.5819247967,88250.52553654618,79496.2880753759,89352.95292980547,hard,5.0
50,2,0.005,1.0,10000000,1.0e7,1.584893192461113e-5,1.584893192461113e-5,0.0,0.0,0.0,0.0,200000,32808.15514784006,3566.243787444647,3544.5626214724402,933.1247679268129,941.0915051921636,32291.52893689513,33804.066671912406,31940.214477109577,33413.643735644146,hard,5.0
50,2,0.005,1.0,10000000,1.0e7,0.0,0.0,6.309573444801932e-5,0.0,6.309573444801932e-5,0.0,200000,10584.713257965057,28207.094876660343,27390.880781089414,121.40367705835332,123.96716947648625,8994.362991206883,9124.253145350087,8914.153141632796,9232.380988365698,hard,5.0
50,2,0.005,1.0,10000000,1.0e7,0.0,0.0,1.58489319246111e-6,0.0,1.58489319246111e-6,0.0,74454,0,0,0,0,0,NaN,NaN,NaN,NaN,hard,5.0
50,2,0.005,1.0,10000000,1.0e7,0.0025118864315095803,0.0025118864315095803,0.0,0.0,0.0,0.0,200000,0,0,0,0,0,201.41272185945888,201.8257543092771,195.01241865052666,195.36672172589448,hard,5.0
50,2,0.005,1.0,10000000,1.0e7,0.0,0.0,0.00015848931924611134,0.00015848931924611134,0.0,0.0,200000,0,0,0,0,0,3635.5435541379793,3661.4382950911277,5635.07904140379,5873.423496805192,hard,5.0
50,2,0.005,1.0,10000000,1.0e7,0.01,0.01,0.0,0.0,0.0,0.0,200000,0,0,0,0,0,51.29492386400726,51.30545845592726,49.58152140764509,49.191247305690254,hard,5.0
50,2,0.005,1.0,10000000,1.0e7,0.0,0.0,0.0251188643150958,0.0,0.0251188643150958,0.0,200000,0,0,0,0,0,25.562867459863643,27.70671397944952,116.98539831288153,168.46584728070988,hard,5.0
50,2,0.005,1.0,10000000,1.0e7,0.0,0.0,6.30957344480193e-6,6.30957344480193e-6,0.0,0.0,89693,0,0,0,0,0,NaN,NaN,NaN,NaN,hard,5.0
50,2,0.005,1.0,10000000,1.0e7,0.0015848931924611134,0.0015848931924611134,0.0,0.0,0.0,0.0,200000,0,0,0,0,0,318.9730497260195,319.4466720361838,305.2028376768983,305.922641131266,hard,5.0
50,2,0.005,1.0,10000000,1.0e7,0.0,0.0,0.015848931924611134,0.015848931924611134,0.0,0.0,200000,0,0,0,0,0,157.00708202600575,157.26902850542558,2986.381390780453,2991.5067741636303,hard,5.0
50,2,0.005,1.0,10000000,1.0e7,0.0,0.0,0.01,0.01,0.0,0.0,200000,0,0,0,0,0,240.13292902011096,241.3477312929882,4531.718673541109,4558.59276890802,hard,5.0
50,2,0.005,1.0,10000000,1.0e7,0.015848931924611134,0.015848931924611134,0.0,0.0,0.0,0.0,200000,0,0,0,0,0,32.76455917793026,32.80323287511694,31.377702824374623,31.667196900565283,hard,5.0
50,2,0.005,1.0,10000000,1.0e7,0.0,0.0,0.006309573444801933,0.0,0.006309573444801933,0.0,200000,0,0,0,0,0,90.78135072328023,95.54651732323482,284.4496533197269,400.43480819676324,hard,5.0
50,2,0.005,1.0,10000000,1.0e7,0.0,0.0,0.0025118864315095803,0.0025118864315095803,0.0,0.0,200000,0,0,0,0,0,600.6013577656094,602.7112155726703,9370.639285821428,9532.87533294014,hard,5.0
50,2,0.005,1.0,10000000,1.0e7,0.0,0.0,0.0025118864315095803,0.0,0.0025118864315095803,0.0,200000,0,0,0,0,0,226.7794064126592,232.8325997341989,695.5710745055163,849.8037488796185,hard,5.0
50,2,0.005,1.0,10000000,1.0e7,2.51188643150958e-5,2.51188643150958e-5,0.0,0.0,0.0,0.0,200000,20956.970937477094,5503.420592663313,5504.8239756651765,542.9677791448785,540.952534438433,21053.428163206994,21676.68728333579,20387.01075329222,20978.189162355568,hard,5.0
50,2,0.005,1.0,10000000,1.0e7,0.0251188643150958,0.0251188643150958,0.0,0.0,0.0,0.0,200000,0,0,0,0,0,21.160214937433608,21.147273284928044,20.316491779430315,20.38596115045383,hard,5.0
50,2,0.005,1.0,10000000,1.0e7,0.0,0.0,1.0e-6,0.0,1.0e-6,0.0,70615,0,0,0,0,0,NaN,NaN,NaN,NaN,hard,5.0
50,2,0.005,1.0,10000000,1.0e7,0.00015848931924611134,0.00015848931924611134,0.0,0.0,0.0,0.0,200000,0,0,0,0,0,3319.741227780875,3338.83554532335,3207.838702166161,3231.2198314568604,hard,5.0
50,2,0.005,1.0,10000000,1.0e7,2.51188643150958e-6,2.51188643150958e-6,0.0,0.0,0.0,0.0,200000,198446.25929701698,2209.310196114037,1964.0445015735118,5780.568187280681,5849.961473565804,196871.39977268098,281496.5613879623,204015.5484663155,286964.33378497144,hard,5.0
50,2,0.005,1.0,10000000,1.0e7,0.0,0.0,3.981071705534972e-5,3.981071705534972e-5,0.0,0.0,200000,15639.73979858262,10138.387094406107,10292.013129429317,324.2380030647633,316.0341347337327,14455.16454015326,14765.548066776568,14285.678850020522,14855.08874915642,hard,5.0
50,2,0.005,1.0,10000000,1.0e7,1.0e-5,1.0e-5,0.0,0.0,0.0,0.0,200000,51647.03930519184,2802.570453104424,2735.4165965932298,1507.3743244262337,1513.8587306302293,49471.02485545853,53224.701695252086,48970.866410563445,52604.15541211033,hard,5.0
50,2,0.005,1.0,10000000,1.0e7,0.0,0.0,1.0e-6,1.0e-6,0.0,0.0,81003,0,0,0,0,0,NaN,NaN,NaN,NaN,hard,5.0
50,2,0.005,1.0,10000000,1.0e7,0.0,0.0,2.51188643150958e-5,0.0,2.51188643150958e-5,0.0,200000,22032.984640625546,5144.5714683465,5149.27524697176,590.1852551984878,586.5025526949165,21875.597055260983,22584.966456837043,20472.36577508813,21351.39750559659,hard,5.0
50,2,0.005,1.0,10000000,1.0e7,1.58489319246111e-6,1.58489319246111e-6,0.0,0.0,0.0,0.0,200000,321880.48540247465,2354.0994633273704,1875.4910329487002,9825.209176470587,10011.245498062457,344614.8200827021,637079.2476237142,352656.31564561493,639088.0652763413,hard,5.0
50,2,0.005,1.0,10000000,1.0e7,0.0,0.0,0.0015848931924611134,0.0,0.0015848931924611134,0.0,200000,0,0,0,0,0,360.01074825891254,367.0573654059233,1116.636050093381,1289.330142654277,hard,5.0
50,2,0.005,1.0,10000000,1.0e7,0.0,0.0,0.00039810717055349724,0.0,0.00039810717055349724,0.0,200000,0,0,0,0,0,1432.1127569142222,1441.5279904479592,3492.505648562894,3698.7728143860036,hard,5.0
50,2,0.005,1.0,10000000,1.0e7,0.0,0.0,6.30957344480193e-6,0.0,6.30957344480193e-6,0.0,200000,82864.40563467974,2298.956331185975,2212.153185638684,2406.4173692395843,2421.620019826916,77434.36874028295,86525.45451591293,79804.55340772995,88889.02774027766,hard,5.0
50,2,0.005,1.0,10000000,1.0e7,0.0,0.0,3.981071705534972e-5,0.0,3.981071705534972e-5,0.0,200000,14441.776364882357,10187.653518202715,10453.494707987513,315.23711676451404,305.8667953667954,14220.53073131294,14522.222329735076,13469.585876895491,13951.935640634953,hard,5.0
50,2,0.005,1.0,10000000,1.0e7,0.0039810717055349725,0.0039810717055349725,0.0,0.0,0.0,0.0,200000,0,0,0,0,0,126.7626134546806,126.9343688888319,122.05212044389556,121.23565299675589,hard,5.0
50,2,0.005,1.0,10000000,1.0e7,0.0,0.0,0.001,0.0,0.001,0.0,200000,0,0,0,0,0,568.2290590533526,575.8326002846393,1680.8801686236577,1859.5359022154807,hard,5.0
50,2,0.005,1.0,10000000,1.0e7,3.981071705534972e-5,3.981071705534972e-5,0.0,0.0,0.0,0.0,200000,14158.67453906936,11349.177729823046,11622.487445127304,278.5674319891954,275.21034516668306,13476.234237818015,13750.893541043552,12933.689162734148,13213.017022808126,hard,5.0
50,2,0.005,1.0,10000000,1.0e7,0.0,0.0,0.00015848931924611134,0.0,0.00015848931924611134,0.0,200000,0,0,0,0,0,3521.540021028686,3549.7179216626623,4684.750327517186,4904.616867865855,hard,5.0
50,2,0.005,1.0,10000000,1.0e7,0.0,0.0,0.0251188643150958,0.0251188643150958,0.0,0.0,200000,0,0,0,0,0,104.88883318476708,104.78029200799787,2014.9691388846259,2012.844914725303,hard,5.0
50,2,0.005,1.0,10000000,1.0e7,1.0e-6,1.0e-6,0.0,0.0,0.0,0.0,71321,0,0,0,0,0,NaN,NaN,NaN,NaN,hard,5.0
50,2,0.005,1.0,10000000,1.0e7,0.0,0.0,3.98107170553497e-6,0.0,3.98107170553497e-6,0.0,200000,134382.97773506326,2078.5604054274972,1935.5144001281435,3737.457322888283,3770.4813604534843,124427.78476915834,152006.39124241986,133601.22186292204,160460.66590508568,hard,5.0
50,2,0.005,1.0,10000000,1.0e7,0.0,0.0,0.001,0.001,0.0,0.0,200000,0,0,0,0,0,991.8397297332231,992.4881717737778,10880.398093976064,11089.120465983593,hard,5.0
50,2,0.005,1.0,10000000,1.0e7,0.0,0.0,1.584893192461113e-5,0.0,1.584893192461113e-5,0.0,200000,34297.861536892044,3421.8939602797773,3415.050141549134,993.114627526417,998.6644903117102,33464.09778317893,35113.44952596328,32512.7681534819,34248.27581584685,hard,5.0
50,2,0.005,1.0,10000000,1.0e7,0.006309573444801933,0.006309573444801933,0.0,0.0,0.0,0.0,200000,0,0,0,0,0,80.74242416413281,80.39439652834861,78.03459073589335,77.1803915378063,hard,5.0
50,2,0.005,1.0,10000000,1.0e7,0.0,0.0,1.584893192461113e-5,1.584893192461113e-5,0.0,0.0,200000,38799.73882010953,3443.4033375723443,3438.5423187728725,1049.6696777998177,1052.2798895560798,37244.900648606825,39737.631283118746,39335.101344798095,42283.7783599324,hard,5.0
50,2,0.005,1.0,10000000,1.0e7,0.0,0.0,0.00039810717055349724,0.00039810717055349724,0.0,0.0,200000,0,0,0,0,0,1748.2403014689735,1753.2469612042876,9225.023267235774,9479.480013276478,hard,5.0
50,2,0.005,1.0,10000000,1.0e7,0.0,0.0,1.58489319246111e-6,1.58489319246111e-6,0.0,0.0,67493,0,0,0,0,0,NaN,NaN,NaN,NaN,hard,5.0
50,2,0.005,1.0,10000000,1.0e7,0.0,0.0,0.0015848931924611134,0.0015848931924611134,0.0,0.0,200000,0,0,0,0,0,751.7299137799454,752.2263421622555,10007.466129342503,10175.491767928961,hard,5.0
50,2,0.005,1.0,10000000,1.0e7,0.00039810717055349724,0.00039810717055349724,0.0,0.0,0.0,0.0,200000,0,0,0,0,0,1294.8139465779839,1297.2595031911317,1262.5923147795995,1261.5984527348717,hard,5.0
50,2,0.005,1.0,10000000,1.0e7,6.309573444801932e-5,6.309573444801932e-5,0.0,0.0,0.0,0.0,200000,10259.179056754596,29880.676968359086,31315.59152677858,105.96709585121603,110.43120805369128,8548.317008759659,8663.231428589062,8174.914142044868,8303.382750727842,hard,5.0
50,2,0.005,1.0,10000000,1.0e7,0.0,0.0,1.0e-5,1.0e-5,0.0,0.0,200000,64809.96007787151,2858.627877607935,2792.2476509370294,1805.7352381470205,1812.6995254818905,65840.60426547258,75549.92174585222,82271.96561421746,93833.22380988517,hard,5.0
50,2,0.005,1.0,10000000,1.0e7,0.0,0.0,2.51188643150958e-6,2.51188643150958e-6,0.0,0.0,97447,0,0,0,0,0,NaN,NaN,NaN,NaN,hard,5.0
50,2,0.005,1.0,10000000,1.0e7,0.0,0.0,0.006309573444801933,0.006309573444801933,0.0,0.0,200000,0,0,0,0,0,336.70759296198906,339.0759916658856,6117.492553608652,6186.540991438829,hard,5.0
50,2,0.005,1.0,10000000,1.0e7,0.0001,0.0001,0.0,0.0,0.0,0.0,200000,12852.4,19558.5,29127.4,0,0,5313.388913330976,5360.174762762165,5054.431329093131,5091.090260970193,hard,5.0
