L,d,J,Jprop,NX,NY,rR_random,rH_random,rR_hosthost,rH_phagephage,rH_phagehost,rH_3body,simulation_time,GenePersisentTime,mean_establish_size,persTimeHost,persTimePhage,gapTimeHost,gapTimePhage,theta_GH,theta_GP,theta_gH,theta_gP,constraint,soft_threshold,mean_host_N,std_host_N,mean_phage_N,std_phage_N
10,2,0.005,1.0,100000,100000.0,0,0,0.0007025,0,0.0007025,0.0,200000,200000,2553.0,160726.40425531915,160719.9387755102,64.5,12.5,1146.5965315291392,1179.7993292177157,2069.4792215877883,2274.9206394337966,soft,5.0,98833.50061025641,19644.045024348474,99287.17931794871,20503.565735425538
10,2,0.005,1.0,1000000,1.0e6,0,0,3.525e-5,0,3.525e-5,0.0,200000,200000,29533.833333333332,143775.03846153847,175081.82978723405,207.0,40.5,21461.316059557652,21756.590264033483,22053.77357686453,22542.933025867544,soft,5.0,995120.0957692307,158466.13765359973,1.0009931154153846e6,160873.2876109731
10,2,0.005,1.0,10000000,1.0e7,0,0,3.5249999999999997e-6,0,3.5249999999999997e-6,0.0,200000,200000,462730.0,183441.64444444445,183834.34782608695,0,143.0,255485.77966831942,259636.42789796676,247779.5988328847,252291.28605070952,soft,5.0,9.965746037584616e6,1.5995050702229617e6,1.0021644538610257e7,1.6191440619446798e6
10,2,0.005,1.0,100000000,1.0e8,0,0,2.25e-8,0,2.25e-8,0.0,200000,200000,1.9716016e7,186645.0,178648.51063829788,1467.0,2240.5,1.200046993353387e6,1.2273748172455693e6,1.143737238324042e6,1.170820386530369e6,soft,5.0,9.980681650895384e7,1.0215510351991488e7,1.0010420306174359e8,1.0364326923409253e7
10,2,0.005,1.0,125892,125892.0,0,0,0.0005024147682140247,0,0.0005024147682140247,0.0,200000,200000,1544.0,160106.79166666666,170219.29787234042,51.0,21.0,1542.6207943731895,1576.8048053454174,2460.302021484794,2668.230601859836,soft,5.0,124793.41438974359,21176.79063463346,124881.56477435898,21881.965425223825
10,2,0.005,1.0,1258925,1.258925e6,0,0,2.8000079432849454e-5,0,2.8000079432849454e-5,0.0,200000,200000,38747.25,156756.38775510204,180669.71739130435,84.25,11.0,29455.460662172387,29850.27268167919,29215.7665177265,29774.95605435672,soft,5.0,1.254000515523077e6,184360.32868523983,1.2599800234615384e6,186460.9731306024
10,2,0.005,1.0,12589254,1.2589254e7,0,0,2.4028429325518415e-6,0,2.4028429325518415e-6,0.0,200000,200000,259757.33333333334,166682.5,170341.04444444444,84.0,0,344307.0587175608,350531.95951818,337761.5241490282,343751.8921637852,soft,5.0,1.2543764984471794e7,2.043280904574416e6,1.2617333833082052e7,2.0690345171355333e6
10,2,0.005,1.0,158489,158489.0,0,0,0.00034229504886774476,0,0.00034229504886774476,0.0,200000,200000,2619.222222222222,140299.08,164373.3673469388,53.6,14.75,2306.3923396968717,2344.229142996076,3431.493452767125,3677.1325342702303,soft,5.0,157355.67724615385,28632.596507106766,157602.25686153845,29262.382102732707
10,2,0.005,1.0,1584893,1.584893e6,0,0,1.9717419409385996e-5,0,1.9717419409385996e-5,0.0,200000,200000,32597.727272727272,117990.44827586207,129862.12068965517,130.3846153846154,115.0,38888.66167392909,39435.33543072421,39911.74122254943,40741.5781674694,soft,5.0,1.5797461665230768e6,246440.34873428207,1.5879419715538463e6,249803.70434487858
10,2,0.005,1.0,15848931,1.5848931e7,0,0,2.097933292788012e-6,0,2.097933292788012e-6,0.0,200000,200000,320350.0,182472.9347826087,190730.6,53.0,0,363647.2485018257,370440.06292194023,367587.3843073549,375114.6084003423,soft,5.0,1.5794895610179488e7,2.545585609427532e6,1.5871660979317948e7,2.5781140726860235e6
10,2,0.005,1.0,199526,199526.0,0,0,0.0002468349989475056,0,0.0002468349989475056,0.0,200000,200000,3809.0,147592.14,181154.15555555557,56.6,0,3019.8890089424317,3067.3555241224794,3968.0529263550657,4220.239436083751,soft,5.0,198090.19212307694,31413.939794044207,198830.0689025641,32305.4294199796
10,2,0.005,1.0,1995262,1.995262e6,0,0,1.6664478148734353e-5,0,1.6664478148734353e-5,0.0,200000,200000,50222.0,165285.58333333334,162465.6875,12.666666666666666,110.0,51975.15466044957,52711.75780731262,52243.909701157005,53151.695244692804,soft,5.0,1.990403719420513e6,318331.4866730709,2.0000585100615385e6,322978.03627487284
10,2,0.005,1.0,19952623,1.9952623e7,0,0,1.5160913930965368e-6,0,1.5160913930965368e-6,0.0,200000,200000,672145.4,160743.41666666666,175672.33333333334,103.33333333333333,0,488622.9365228381,498101.80245027517,478336.26691366924,488038.71672606556,soft,5.0,1.987892224946154e7,2.9981759356628815e6,1.9995037128523078e7,3.0373031191557576e6
10,2,0.005,1.0,251188,251188.0,0,0,0.00018810611971909486,0,0.00018810611971909486,0.0,200000,200000,6375.0,165226.86956521738,180774.73913043478,22.0,71.0,3792.231725582286,3849.475195909044,4497.450795020787,4770.595978271574,soft,5.0,249725.8085076923,35827.76036949372,250574.691,37266.58175653329
10,2,0.005,1.0,2511886,2.511886e6,0,0,1.2440851216974019e-5,0,1.2440851216974019e-5,0.0,200000,200000,54276.0,124598.59322033898,135574.88461538462,87.42857142857143,187.28571428571428,71890.41788785058,72911.53142161937,77005.01237947255,78407.66623317492,soft,5.0,2.501972472302564e6,475490.92741344706,2.5169679126307694e6,481541.3604787396
10,2,0.005,1.0,25118864,2.5118864e7,0,0,1.0450313358120016e-6,0,1.0450313358120016e-6,0.0,200000,200000,70293.0,171617.27659574468,191141.24444444446,552.5,0,574494.6283257011,586494.0483608567,591327.6673575814,604511.5416715244,soft,5.0,2.5062374574979488e7,3.622050694853419e6,2.5181417420046154e7,3.674164561661538e6
10,2,0.005,1.0,316227,316227.0,0,0,0.00014309341074607797,0,0.00014309341074607797,0.0,200000,200000,1510.0,162989.93617021278,189248.42222222223,21.0,0,4988.555295825401,5072.587870500869,5845.477499162617,6115.003351177315,soft,5.0,315046.97773333336,45255.98348959706,315780.12797435897,46338.29074154572
10,2,0.005,1.0,3162277,3.162277e6,0,0,1.177948674325494e-5,0,1.177948674325494e-5,0.0,200000,200000,4151.0,169367.5,192352.46666666667,200.0,0,78712.51963958344,79795.4452550438,77816.13104622478,79103.21864464118,soft,5.0,3.1495919840102564e6,473040.2209685517,3.1677648694564104e6,477257.1841690801
10,2,0.005,1.0,31622776,3.1622776e7,0,0,8.300979015883995e-7,0,8.300979015883995e-7,0.0,200000,200000,1.65252525e6,159947.22448979592,164250.47916666666,129.25,185.33333333333334,715619.1973731208,730887.5835026901,738780.8637221851,753668.5004488347,soft,5.0,3.1534714007871795e7,4.832154574970829e6,3.1709993307153847e7,4.90335186946878e6
10,2,0.005,1.0,398107,398107.0,0,0,9.607969716684208e-5,0,9.607969716684208e-5,0.0,200000,200000,8858.368421052632,98360.04545454546,141385.53846153847,143.76190476190476,12.428571428571429,7816.188708537406,7920.390200814442,8117.870510228074,8437.49498025786,soft,5.0,395293.6766,55256.62732821467,396401.8776615385,56429.67315674273
10,2,0.005,1.0,3981071,3.981071e6,0,0,7.849646489600411e-6,0,7.849646489600411e-6,0.0,200000,200000,84265.5,115011.55,131763.01785714287,323.2,127.27272727272727,122740.67481219082,124820.03816296485,126565.13136930148,128926.64332171444,soft,5.0,3.960137878046154e6,712815.8662631611,3.9896566507897438e6,721723.1223534363
10,2,0.005,1.0,39810717,3.9810717e7,0,0,5.337758674379063e-7,0,5.337758674379063e-7,0.0,200000,200000,1.4626454705882352e6,134746.1607142857,135322.4716981132,426.6363636363636,408.25,816202.367242279,835376.0956467403,818818.8216444693,838328.8123193618,soft,5.0,3.974630521065128e7,5.464734424771728e6,3.990517223795385e7,5.535709099448897e6
10,2,0.005,1.0,501187,501187.0,0,0,7.631881912340105e-5,0,7.631881912340105e-5,0.0,200000,200000,8852.25,149242.84615384616,180653.3777777778,65.0,0,9665.744263295519,9792.752967869043,10021.713848194524,10326.82274938036,soft,5.0,499246.35777948715,72565.45938024652,500974.71545128204,73743.84643803997
10,2,0.005,1.0,5011872,5.011872e6,0,0,7.033300132166185e-6,0,7.033300132166185e-6,0.0,200000,200000,41438.666666666664,178997.46666666667,183293.73333333334,0,0,122162.10414467457,124061.3428634844,129800.91245006492,132186.42337443028,soft,5.0,4.998789448805128e6,855743.2728525546,5.026267382492308e6,866743.0230659018
10,2,0.005,1.0,50118723,5.0118723e7,0,0,4.6389849158766473e-7,0,4.6389849158766473e-7,0.0,200000,200000,1.353431e6,183109.10869565216,191052.97777777776,313.0,0,736335.3233301773,748388.568612565,777432.8390465884,789053.520800012,soft,5.0,5.0012248435117945e7,6.525219680034436e6,5.0184694165005125e7,6.598690828363906e6
10,2,0.005,1.0,630957,630957.0,0,0,5.5867515535924e-5,0,5.5867515535924e-5,0.0,200000,200000,12464.7,115326.66666666667,159636.8125,123.6,62.333333333333336,13293.65087439273,13472.236490646177,13878.842600885635,14300.389610762983,soft,5.0,628330.4430923077,100644.30745033661,631474.6165230769,102403.54404672098
10,2,0.005,1.0,6309573,6.309573e6,0,0,4.952791575594736e-6,0,4.952791575594736e-6,0.0,200000,200000,118385.45454545454,125605.61538461539,156823.65384615384,246.57142857142858,140.28571428571428,192975.38915881756,196443.2547482123,197186.96338926646,200859.30433015112,soft,5.0,6.278192058446154e6,1.0348911463990689e6,6.320721014574359e6,1.0470105834582379e6
10,2,0.005,1.0,63095734,6.3095734e7,0,0,1.9414941745506914e-7,0,1.9414941745506914e-7,0.0,200000,200000,5.214768333333333e6,132652.6379310345,151433.07692307694,667.8461538461538,783.8571428571429,959179.1025634083,980791.9951416174,930857.3169780626,952362.8821488125,soft,5.0,6.297257253754872e7,6.796759279484003e6,6.320136093541025e7,6.909935220010089e6
10,2,0.005,1.0,794328,794328.0,0,0,4.815391123062513e-5,0,4.815391123062513e-5,0.0,200000,200000,28880.333333333332,143900.98076923078,171895.52173913043,119.28571428571429,87.0,15981.68811993941,16164.889704123407,16341.544923096302,16674.963539060693,soft,5.0,790938.7252,105404.39747043702,794793.587574359,106632.42940965126
10,2,0.005,1.0,7943282,7.943282e6,0,0,3.934142083838897e-6,0,3.934142083838897e-6,0.0,200000,200000,301284.3846153846,125717.92727272728,151578.07843137256,407.6,154.16666666666666,238086.83066691912,242764.56802611423,236442.78698009177,241485.20384247095,soft,5.0,7.908282965661539e6,1.3965557156335053e6,7.958187431717949e6,1.4137503161625674e6
10,2,0.005,1.0,79432823,7.9432823e7,0,0,6.609358451228657e-8,0,6.609358451228657e-8,0.0,200000,200000,1.5300806416666666e7,155127.6603773585,152327.77777777778,2289.25,2073.3333333333335,1.1361688633832377e6,1.1672130259239946e6,1.2084616730652805e6,1.2401431635168067e6,soft,5.0,7.935738731791282e7,1.001242679218157e7,7.962713367771283e7,1.0167508867537487e7
15,2,0.005,1.0,100000,100000.0,0,0,0.0020025,0,0.0020025,0.0,200000,200000,647.0967741935484,157448.37272727274,157714.94545454546,31.2,30.2,385.4823019933492,402.00600280400164,1158.7821521336602,1332.364336260712,soft,5.0,98456.94137948718,19909.850704218155,98599.83786153846,20721.443706474573
15,2,0.005,1.0,1000000,1.0e6,0,0,8.325e-5,0,8.325e-5,0.0,200000,200000,5564.142857142857,164136.8918918919,184006.20560747664,126.83333333333333,181.5,7676.018426530818,7771.679394215805,8479.005567782866,8784.180605370526,soft,5.0,997027.5040820513,95044.09790637714,1.000947064174359e6,96617.61167270712
15,2,0.005,1.0,10000000,1.0e7,0,0,6.975e-6,0,6.975e-6,0.0,200000,200000,131350.1875,156204.8879310345,171296.0733944954,118.0909090909091,110.25,125462.20897388135,127409.39263351,124030.25235682269,126077.77217238047,soft,5.0,9.961940607958974e6,1.1689208013381865e6,1.0024607667646155e7,1.1805560233895164e6
15,2,0.005,1.0,100000000,1.0e8,0,0,3.675e-7,0,3.675e-7,0.0,200000,200000,2.301946625e6,161180.33898305084,166509.97345132745,232.92307692307693,287.25,676722.4645694859,689142.3038778661,682122.9181243241,694429.5508995884,soft,5.0,9.981022127027692e7,8.696793572984163e6,1.0015515718227692e8,8.798643009410113e6
15,2,0.005,1.0,125892,125892.0,0,0,0.001328519683538271,0,0.001328519683538271,0.0,200000,200000,1055.4615384615386,169252.32407407407,178353.1037735849,33.666666666666664,1.0,527.0135183666033,543.7237669817958,1149.0741561114287,1308.0085216245084,soft,5.0,124631.02284102564,18140.923276409114,124519.93004102564,18735.68494985974
15,2,0.005,1.0,1258925,1.258925e6,0,0,6.255336894572751e-5,0,6.255336894572751e-5,0.0,200000,200000,13823.846153846154,137218.87603305784,176652.84905660377,80.25,253.0,10526.97609224838,10662.181674102449,11281.00636023013,11613.985534786783,soft,5.0,1.2555651069128206e6,120998.47909597242,1.260397752194872e6,122891.83203031433
15,2,0.005,1.0,12589254,1.2589254e7,0,0,5.5404394891071386e-6,0,5.5404394891071386e-6,0.0,200000,200000,210346.07692307694,167476.96396396396,173996.88888888888,145.16666666666666,163.0,148440.74337441067,150954.17693227268,146370.60199523697,149204.49072033388,soft,5.0,1.2549950887451282e7,1.393745610375469e6,1.2630188850292308e7,1.4133740397620199e6
15,2,0.005,1.0,158489,158489.0,0,0,0.000970098871215037,0,0.000970098871215037,0.0,200000,200000,1278.4,169591.77272727274,183256.96226415093,71.8,12.0,705.8156447755654,728.6107557712164,1366.2963619496466,1539.0252989711898,soft,5.0,156822.1725076923,19140.415570289362,156891.56553846155,19780.97208698728
15,2,0.005,1.0,1584893,1.584893e6,0,0,4.968789691165271e-5,0,4.968789691165271e-5,0.0,200000,200000,13913.625,165528.74545454545,184138.70754716982,106.0,627.0,13651.554099618294,13806.776136252913,13963.03581216943,14323.308542320348,soft,5.0,1.579791934697436e6,151388.6328286247,1.586803124523077e6,153087.15771716746
15,2,0.005,1.0,15848931,1.5848931e7,0,0,4.2116405201082644e-6,0,4.2116405201082644e-6,0.0,200000,200000,229743.70588235295,168060.49107142858,167754.1875,118.71428571428571,214.42857142857142,186679.7225505998,189804.650241387,191775.45007943903,195485.5188655871,soft,5.0,1.5786738721307693e7,1.7593961530154506e6,1.5893367711194871e7,1.7852763839285849e6
15,2,0.005,1.0,199526,199526.0,0,0,0.000665326824574241,0,0.000665326824574241,0.0,200000,200000,1659.4,139394.04958677685,163315.44444444444,35.4375,100.0,1027.7069691252,1050.3019375651434,1979.7126878264357,2181.71752674408,soft,5.0,197841.43293846154,29087.5875172607,198273.7916,30145.71444867512
15,2,0.005,1.0,1995262,1.995262e6,0,0,3.6461377002118016e-5,0,3.6461377002118016e-5,0.0,200000,200000,23550.3125,156830.67256637168,173210.57272727272,130.125,8.0,18944.61248578485,19191.61158996105,19190.7040644994,19648.39998356964,soft,5.0,1.9884890136461537e6,191917.3619690247,1.9967029423384615e6,195776.73410153613
15,2,0.005,1.0,19952623,1.9952623e7,0,0,3.2702467239520335e-6,0,3.2702467239520335e-6,0.0,200000,200000,235382.4347826087,158639.41025641025,159877.39130434784,173.91666666666666,54.3,247750.3351976822,252354.58137344112,253942.3422142544,258714.2198049783,soft,5.0,1.988555000836923e7,2.4346257462609084e6,2.001824133666154e7,2.464829087138447e6
15,2,0.005,1.0,251188,251188.0,0,0,0.0004926588849785818,0,0.0004926588849785818,0.0,200000,200000,1454.2666666666667,161338.04464285713,174780.75,115.71428571428571,17.666666666666668,1335.915922650631,1358.2185684619058,2148.1846455227796,2332.440394902656,soft,5.0,249774.0793128205,28445.705135657285,250182.96810769232,29481.14823831647
15,2,0.005,1.0,2511886,2.511886e6,0,0,2.9559462491530268e-5,0,2.9559462491530268e-5,0.0,200000,200000,32988.07692307692,151850.6695652174,174265.7037037037,70.9,19.0,23852.368128234008,24167.213627499,24476.5039648088,25069.93254647005,soft,5.0,2.5034026592820515e6,251064.80911206666,2.5169237124051284e6,254151.24698516677
15,2,0.005,1.0,25118864,2.5118864e7,0,0,2.2990689387864035e-6,0,2.2990689387864035e-6,0.0,200000,200000,381244.36363636365,144848.83620689655,145359.69421487604,291.45454545454544,108.75,321649.3582869761,327936.86358004616,315908.7311262386,322354.39979078574,soft,5.0,2.50345046064e7,2.824678353123713e6,2.520923379948718e7,2.8663760370806013e6
15,2,0.005,1.0,316227,316227.0,0,0,0.0003533853845497064,0,0.0003533853845497064,0.0,200000,200000,1753.076923076923,149694.17699115045,177541.92523364487,61.0,10.0,1846.9038425106248,1871.7067754234222,2751.744333189318,2981.296729396618,soft,5.0,314091.52065641026,36437.86631734493,315222.73846666666,37621.80556459907
15,2,0.005,1.0,3162277,3.162277e6,0,0,2.3479916528501456e-5,0,2.3479916528501456e-5,0.0,200000,200000,54781.92307692308,171718.55357142858,178050.28440366974,34.57142857142857,94.75,30162.81599809643,30560.124468376176,29964.061447622604,30494.96959183979,soft,5.0,3.1517726775846155e6,311016.9394181416,3.168864671974359e6,315296.49463059346
15,2,0.005,1.0,31622776,3.1622776e7,0,0,1.968517880909633e-6,0,1.968517880909633e-6,0.0,200000,200000,573648.0909090909,151356.06779661018,176542.98130841122,152.15384615384616,183.5,389011.560778456,396297.20906254085,396911.17597786174,404291.67596708034,soft,5.0,3.1527923969979487e7,3.626966370052931e6,3.1734893929451283e7,3.6792155301147755e6
15,2,0.005,1.0,398107,398107.0,0,0,0.0002656321039318575,0,0.0002656321039318575,0.0,200000,200000,4550.142857142857,170195.7,184594.7663551402,85.0,10.0,2396.755494400798,2419.7422196605503,3161.330092657728,3348.011378484916,soft,5.0,396489.8082871795,39369.09236303202,397020.9778974359,40093.57855551077
15,2,0.005,1.0,3981071,3.981071e6,0,0,1.8650760059290577e-5,0,1.8650760059290577e-5,0.0,200000,200000,40583.0,169183.54954954956,174242.22018348624,8.0,57.25,42037.34467828855,42563.89738777175,42866.343728009306,43697.250519177745,soft,5.0,3.9660088568769232e6,382638.9563619533,3.989141580953846e6,387538.77481307206
15,2,0.005,1.0,39810717,3.9810717e7,0,0,1.5636493057886901e-6,0,1.5636493057886901e-6,0.0,200000,200000,547625.2727272727,168599.98198198198,176956.15315315317,308.0,155.5,427708.70138389315,436034.7020341331,431618.98823324405,440419.7097972194,soft,5.0,3.967875085369231e7,4.252882578673567e6,3.989308720801026e7,4.308877755085862e6
15,2,0.005,1.0,501187,501187.0,0,0,0.0001900488240916065,0,0.0001900488240916065,0.0,200000,200000,2055.6666666666665,160058.79464285713,186100.19811320756,77.0,15.0,3315.389437906528,3347.6765918383953,3804.9867295113536,4023.196928445951,soft,5.0,498837.22067179484,47383.42438396567,500356.1345692308,48282.16967990717
15,2,0.005,1.0,5011872,5.011872e6,0,0,1.481482368264792e-5,0,1.481482368264792e-5,0.0,200000,200000,92506.0,166832.0366972477,187564.89523809523,125.75,0,51541.46128689495,52201.45405608573,52724.435723265706,53599.1625023547,soft,5.0,4.994539421389744e6,540773.828900968,5.022172987610256e6,547576.580445675
15,2,0.005,1.0,50118723,5.0118723e7,0,0,1.1522639952338767e-6,0,1.1522639952338767e-6,0.0,200000,200000,627455.9333333333,154435.06666666668,169740.72727272726,243.8,242.2,494157.3956233502,504158.076383146,483522.5997403337,492050.7654778621,soft,5.0,4.9955026233882055e7,4.671914726093058e6,5.021323144577436e7,4.734005238985861e6
15,2,0.005,1.0,630957,630957.0,0,0,0.00014382913574142135,0,0.00014382913574142135,0.0,200000,200000,4901.55,144897.21848739494,170931.1401869159,91.71428571428571,98.0,4526.511342303706,4579.54626569465,5185.315873031864,5413.0373639853215,soft,5.0,627623.8759076924,58796.15537736583,630509.6330820513,59891.801172032356
15,2,0.005,1.0,6309573,6.309573e6,0,0,1.0579162805470355e-5,0,1.0579162805470355e-5,0.0,200000,200000,53134.77777777778,143159.016,167804.29090909092,138.45,43.2,75293.68037887689,76381.52839460288,75637.654017477,76983.11551275809,soft,5.0,6.278857328794871e6,712359.244625934,6.319303933805129e6,720912.8643024212
15,2,0.005,1.0,63095734,6.3095734e7,0,0,8.439556309781577e-7,0,8.439556309781577e-7,0.0,200000,200000,690201.1666666666,144284.52845528454,157306.8103448276,341.0,144.27272727272728,594280.1096427259,605691.150845355,598167.6411517271,610981.972120284,soft,5.0,6.295369642743077e7,5.878500905973713e6,6.324564343123077e7,5.948753862764598e6
15,2,0.005,1.0,794328,794328.0,0,0,0.00010480557150194882,0,0.00010480557150194882,0.0,200000,200000,6712.894736842105,144660.0170940171,169817.5945945946,131.16666666666666,39.833333333333336,6119.9530192898355,6191.504426609941,6361.737253198182,6607.630820601116,soft,5.0,790575.709374359,73565.41257120045,795057.8255435898,74757.36002868503
15,2,0.005,1.0,7943282,7.943282e6,0,0,8.403327491079884e-6,0,8.403327491079884e-6,0.0,200000,200000,118487.9,153731.92173913043,163148.7894736842,75.4,168.22222222222223,93236.60663233104,94654.38219573763,92475.4951936126,94119.76031411145,soft,5.0,7.914815121405128e6,871057.2158540833,7.963071599738462e6,881814.629888066
15,2,0.005,1.0,79432823,7.9432823e7,0,0,6.137261418998038e-7,0,6.137261418998038e-7,0.0,200000,200000,910617.0666666667,163762.38596491228,170120.07142857142,328.22222222222223,435.42857142857144,598627.6737119465,610727.6588877211,620509.4967740792,633353.7386026313,soft,5.0,7.922980705349743e7,7.053582611476779e6,7.957042814391282e7,7.128938627405656e6
20,2,0.005,1.0,100000,100000.0,0,0,0.004815,0,0.004815,0.0,200000,200000,391.6041666666667,165571.898989899,133680.79723502306,22.625,26.77777777777778,178.2113102503155,187.42101184443698,1031.1334088458661,1158.6459273555947,soft,5.0,97789.00886153846,26100.927649042827,98198.888,26665.123593847256
20,2,0.005,1.0,1000000,1.0e6,0,0,0.0001575,0,0.0001575,0.0,200000,200000,4511.954545454545,166552.0923076923,179091.05729166666,57.8,99.0,3805.671804645483,3845.511298049911,4514.852553862576,4725.215010526458,soft,5.0,995651.9938820513,70817.65259684988,999926.7894820513,72535.92431257461
20,2,0.005,1.0,10000000,1.0e7,0,0,1.1949999999999999e-5,0,1.1949999999999999e-5,0.0,200000,200000,90961.13793103448,162849.00970873787,169387.61616161617,193.1875,57.75,63154.313583338,64037.88693068122,60477.852095796305,61593.14954972989,soft,5.0,9.972860111194871e6,763206.6316623547,1.0030200635728205e7,774615.515664491
20,2,0.005,1.0,100000000,1.0e8,0,0,9.75e-7,0,9.75e-7,0.0,200000,200000,560078.3333333334,169503.29441624365,172550.84848484848,183.42857142857142,173.625,513115.2230215183,523122.66311192623,524282.3813938618,534641.5010137694,soft,5.0,9.974176609750769e7,6.886312904877588e6,1.0022057766998461e8,6.96554576365732e6
20,2,0.005,1.0,125892,125892.0,0,0,0.0031098084072061767,0,0.0031098084072061767,0.0,200000,200000,446.84,174574.15228426395,164936.4776119403,60.0,10.727272727272727,235.36491898407849,247.2304618892153,899.3611012022177,1060.3917032831168,soft,5.0,123883.59749230769,23471.529282355004,124192.91283589744,24233.737378779515
20,2,0.005,1.0,1258925,1.258925e6,0,0,0.00012034076692416148,0,0.00012034076692416148,0.0,200000,200000,5268.166666666667,158965.4879227053,186784.421875,60.8235294117647,1.5,5010.298410598897,5064.707292794796,5557.425450715884,5820.556788765174,soft,5.0,1.2547133272051283e6,93207.91742856147,1.2598791627128206e6,95692.35796616142
20,2,0.005,1.0,12589254,1.2589254e7,0,0,9.80995379074884e-6,0,9.80995379074884e-6,0.0,200000,200000,113964.66666666667,170542.68316831684,181571.95287958116,39.666666666666664,261.0,77868.16580269347,78943.7325124437,75647.17015999502,76927.64464417686,soft,5.0,1.2543730451533332e7,921662.0957891403,1.2618349179358974e7,935156.7329383026
20,2,0.005,1.0,158489,158489.0,0,0,0.002028531948589492,0,0.002028531948589492,0.0,200000,200000,725.7586206896551,168409.1542288557,176717.42564102565,21.636363636363637,9.6,330.6893152935766,344.4160995566927,905.9252897434875,1069.8955320401312,soft,5.0,155888.2782923077,20936.42396092454,156541.2396974359,21650.683229336548
20,2,0.005,1.0,1584893,1.584893e6,0,0,9.30662196123019e-5,0,9.30662196123019e-5,0.0,200000,200000,9398.333333333334,166239.95,174810.78350515463,26.7,404.0,6597.073394440025,6667.111537238491,7293.272653433133,7604.62536918986,soft,5.0,1.579305190451282e6,103538.45782536759,1.586930675851282e6,106228.84957923027
20,2,0.005,1.0,15848931,1.5848931e7,0,0,7.287557753895199e-6,0,7.287557753895199e-6,0.0,200000,200000,157717.84,157969.10891089108,173805.2358974359,130.5,45.8,109620.79340505523,111393.28925478716,109246.78207401422,111353.83841621292,soft,5.0,1.5794016089882052e7,1.4278531299667573e6,1.5897940523338461e7,1.4493033188139228e6
20,2,0.005,1.0,199526,199526.0,0,0,0.0013807724306606657,0,0.0013807724306606657,0.0,200000,200000,814.92,153008.3786407767,160231.38190954775,23.6875,10.222222222222221,477.01809017870454,489.3007149705522,1169.169924097234,1350.3223067558602,soft,5.0,197169.71652307693,26840.18352409547,197556.17092307692,27839.330575034142
20,2,0.005,1.0,1995262,1.995262e6,0,0,6.89132555022849e-5,0,6.89132555022849e-5,0.0,200000,200000,11471.535714285714,159799.28078817733,172711.87878787878,39.84615384615385,116.0,9127.818813748238,9229.611046359556,9618.975898011526,9933.642863834906,soft,5.0,1.9874682092102563e6,140951.44304146114,1.996913076702564e6,143189.5788797773
20,2,0.005,1.0,19952623,1.9952623e7,0,0,5.588237696868226e-6,0,5.588237696868226e-6,0.0,200000,200000,122258.77586206897,141999.74193548388,148865.376146789,214.03703703703704,149.28571428571428,140591.41036465703,142916.694330498,141321.3796560051,143812.24642080744,soft,5.0,1.9878187613389745e7,1.6662730286390437e6,2.000989049789231e7,1.6859497941944487e6
20,2,0.005,1.0,251188,251188.0,0,0,0.0010171664251476982,0,0.0010171664251476982,0.0,200000,200000,1179.9375,154810.25,172482.92893401015,35.9,39.0,631.6892892609205,648.4417079407162,1437.1234442977827,1633.2571237870168,soft,5.0,249194.46268717948,32085.474564623797,249275.9372717949,33404.2532215944
20,2,0.005,1.0,2511886,2.511886e6,0,0,5.314731639891301e-5,0,5.314731639891301e-5,0.0,200000,200000,16682.441176470587,153300.9714285714,168161.37,78.1,83.4,11837.162141672112,11978.873112563737,12186.300117087796,12535.10180560708,soft,5.0,2.502124593046154e6,187923.1135847945,2.5136391953128204e6,191439.84446599847
20,2,0.005,1.0,25118864,2.5118864e7,0,0,4.598137877572808e-6,0,4.598137877572808e-6,0.0,200000,200000,142508.88,158988.36538461538,172543.04522613066,133.22222222222223,193.33333333333334,164188.431675364,166915.7905227711,159738.41173134866,162807.53595659093,soft,5.0,2.5037335573179487e7,1.9311748831694317e6,2.5194248574728206e7,1.9587034708339511e6
20,2,0.005,1.0,316227,316227.0,0,0,0.0007130953397401234,0,0.0007130953397401234,0.0,200000,200000,1372.6666666666667,150506.75242718446,185797.7947368421,25.8125,0,863.7921831897656,880.3666699661442,1551.6785297433003,1736.840491590034,soft,5.0,313670.3648461538,30864.742213472186,315353.64967179485,31799.856521754573
20,2,0.005,1.0,3162277,3.162277e6,0,0,4.221641557649757e-5,0,4.221641557649757e-5,0.0,200000,200000,15850.96,161096.32663316582,174729.91959798994,68.77777777777777,70.0,15127.676215265452,15316.78436470684,14891.177648000037,15279.018909685186,soft,5.0,3.1528247725538462e6,214689.14502092736,3.1647494159794874e6,218405.08706056443
20,2,0.005,1.0,31622776,3.1622776e7,0,0,3.3994485493620166e-6,0,3.3994485493620166e-6,0.0,200000,200000,223182.5306122449,133694.38053097346,155839.4835680751,96.69444444444444,127.34782608695652,227833.06649340256,232086.90699433308,227750.2468096985,232211.8352445566,soft,5.0,3.1503735907953847e7,2.6750248617027267e6,3.1723580877102565e7,2.713656981903618e6
20,2,0.005,1.0,398107,398107.0,0,0,0.0005413117578942345,0,0.0005413117578942345,0.0,200000,200000,1295.857142857143,168294.93298969071,185436.81865284973,108.75,63.666666666666664,1136.6961442148588,1159.2453781047698,1936.4985613576446,2146.1310057774754,soft,5.0,395414.8227948718,37524.71333429474,396464.23421538464,39017.23326533471
20,2,0.005,1.0,3981071,3.981071e6,0,0,3.102180292690083e-5,0,3.102180292690083e-5,0.0,200000,200000,23028.6875,152436.34449760764,171778.82142857142,237.1578947368421,81.16666666666667,21117.216753640252,21393.806324393485,20944.753018815987,21420.05750087615,soft,5.0,3.969775217846154e6,256540.123281757,3.9882035114153847e6,260981.77176311275
20,2,0.005,1.0,39810717,3.9810717e7,0,0,2.8007533750271316e-6,0,2.8007533750271316e-6,0.0,200000,200000,323101.5925925926,162024.42,169805.93367346938,111.3,124.5,253598.3441993603,258151.10322963406,248460.8569448121,253005.19822274565,soft,5.0,3.96768101213641e7,2.9165581848155903e6,3.992878974062564e7,2.945533469416181e6
20,2,0.005,1.0,501187,501187.0,0,0,0.00037411185844804436,0,0.00037411185844804436,0.0,200000,200000,2563.0384615384614,150058.2292682927,177369.36040609138,30.8,5.428571428571429,1647.391580910624,1670.3061071890256,2432.77187785694,2655.3077794837245,soft,5.0,498172.22025641025,39971.75371648958,499944.6881230769,41451.90841110645
20,2,0.005,1.0,5011872,5.011872e6,0,0,2.5439596222728752e-5,0,2.5439596222728752e-5,0.0,200000,200000,36737.75,160354.51960784313,174585.3230769231,100.85714285714286,58.8,26449.766088496246,26771.82834168226,26758.977267803242,27333.49380557029,soft,5.0,4.993265751512821e6,379576.48522249603,5.019388075671795e6,386185.9168490088
20,2,0.005,1.0,50118723,5.0118723e7,0,0,2.0650965109386368e-6,0,2.0650965109386368e-6,0.0,200000,200000,445731.27777777775,151088.93427230048,163719.1213592233,105.95652173913044,169.125,319779.5784627841,325984.05233104987,309818.9111342106,316293.08706323087,soft,5.0,4.997693992645128e7,3.917516090151309e6,5.026926151954359e7,3.9690778248124924e6
20,2,0.005,1.0,630957,630957.0,0,0,0.0002876582714828427,0,0.0002876582714828427,0.0,200000,200000,3819.7096774193546,161310.0099009901,173073.23979591837,53.666666666666664,32.833333333333336,2107.21958740145,2135.4775926807233,2878.7685848990977,3086.792929114797,soft,5.0,628959.2339179487,48039.515532378704,630085.8598974359,49231.865644120204
20,2,0.005,1.0,6309573,6.309573e6,0,0,1.893947498507427e-5,0,1.893947498507427e-5,0.0,200000,200000,38065.5,152839.19512195123,165546.86069651743,53.06666666666667,75.0,36093.01152552454,36564.046973701465,36409.320935614225,37109.80994479364,soft,5.0,6.288841253384615e6,523672.9029741714,6.326677042220512e6,529890.2072409635
20,2,0.005,1.0,63095734,6.3095734e7,0,0,1.64036446584487e-6,0,1.64036446584487e-6,0.0,200000,200000,514129.3939393939,150229.20187793428,165529.2118226601,171.69565217391303,226.6153846153846,365843.06497820216,373297.5132776084,355400.549024903,362964.26322467934,soft,5.0,6.289331753000513e7,4.898225976797045e6,6.324913947866154e7,4.967536734898999e6
20,2,0.005,1.0,794328,794328.0,0,0,0.0002133879203553192,0,0.0002133879203553192,0.0,200000,200000,4790.645161290323,160354.92,172877.64974619288,66.1,49.57142857142857,2817.79012250225,2847.064623318769,3496.2265495020742,3734.2633617682363,soft,5.0,790893.5507538462,57811.28616094387,793100.8621692308,59888.322566731265
20,2,0.005,1.0,7943282,7.943282e6,0,0,1.4540589141868563e-5,0,1.4540589141868563e-5,0.0,200000,200000,50488.541666666664,146872.2258064516,156872.02427184465,122.37037037037037,31.625,47757.65218054707,48432.62916331537,47359.7878705687,48178.71445028092,soft,5.0,7.919520175707692e6,630761.5167211078,7.962096960466667e6,638027.8938168094
20,2,0.005,1.0,79432823,7.9432823e7,0,0,1.3029878089565065e-6,0,1.3029878089565065e-6,0.0,200000,200000,428256.8,160550.08173076922,176992.42424242425,265.8888888888889,231.875,445082.4709402705,453701.82483403507,443837.12315557647,452617.3151901913,soft,5.0,7.917912629432307e7,5.699143200681497e6,7.960505894318461e7,5.766901379559629e6
25,2,0.005,1.0,100000,100000.0,0,0,0.008425,0,0.008425,0.0,200000,200000,229.7125382262997,126428.16524216524,81878.6062639821,16.215686274509803,24.782312925170068,100.41170975108606,107.87632610771088,747.6432175718522,849.6516811480477,soft,5.0,97312.90665641025,25325.68875099096,97341.43933333333,25652.69287823497
25,2,0.005,1.0,1000000,1.0e6,0,0,0.0002675,0,0.0002675,0.0,200000,200000,2904.311111111111,153397.00604229607,176752.51307189543,58.38709677419355,35.333333333333336,2176.341504221284,2201.6134117755923,3018.0460558523355,3239.1426438634203,soft,5.0,995507.2641948718,63234.196482468535,998941.0146820513,65835.82697767683
25,2,0.005,1.0,10000000,1.0e7,0,0,1.825e-5,0,1.825e-5,0.0,200000,200000,33353.53968253968,156150.0547112462,164462.05246913582,87.20689655172414,146.70833333333334,36619.32230803694,37091.707852889216,36787.213166397494,37466.88979450191,soft,5.0,9.971387877225641e6,602327.5643955019,1.0027289609323077e7,610695.7848085082
25,2,0.005,1.0,100000000,1.0e8,0,0,1.575e-6,0,1.575e-6,0.0,200000,200000,549231.9302325582,165010.44761904763,169853.09554140127,130.86666666666667,85.14285714285714,389238.47651999426,396800.18398002535,387585.91277302813,395469.5684826113,soft,5.0,9.973540619026154e7,6.396208696492209e6,1.003133283466359e8,6.486722691705063e6
25,2,0.005,1.0,125892,125892.0,0,0,0.006056778826295555,0,0.006056778826295555,0.0,200000,200000,320.8011049723757,153339.84923076924,116466.03551912568,30.56,49.803030303030305,128.2517746027053,136.6399007609951,795.9183335970293,921.1596791726204,soft,5.0,123115.72055897435,28246.306301464116,123368.84977948718,28910.09436958363
25,2,0.005,1.0,1258925,1.258925e6,0,0,0.00020652540858271938,0,0.00020652540858271938,0.0,200000,200000,3696.4473684210525,169883.09779179812,178596.55339805825,38.76470588235294,3.888888888888889,2836.557282707096,2872.2871076259494,3487.3851466283877,3723.916847393506,soft,5.0,1.2541420287897435e6,70086.07174019431,1.2586498894153845e6,72364.39108689976
25,2,0.005,1.0,12589254,1.2589254e7,0,0,1.4496490419527638e-5,0,1.4496490419527638e-5,0.0,200000,200000,40245.32692307692,148554.86094674555,167081.31861198737,90.36842105263158,81.94117647058823,48379.666354829424,49064.866872885854,48610.67479717084,49572.30225606596,soft,5.0,1.2550249267615385e7,792461.5828808767,1.2620373692097437e7,802892.0599678337
25,2,0.005,1.0,158489,158489.0,0,0,0.0038330735887033168,0,0.0038330735887033168,0.0,200000,200000,411.5952380952381,171171.9477124183,173797.1359223301,36.666666666666664,3.6666666666666665,177.06092735300066,185.61752216577278,709.2922762314422,848.4032294776963,soft,5.0,155858.67415384616,25149.72065445706,156306.00174358973,25763.00160051041
25,2,0.005,1.0,1584893,1.584893e6,0,0,0.00015142978106408447,0,0.00015142978106408447,0.0,200000,200000,5463.875,166883.7611464968,175656.60396039605,33.07142857142857,52.0,3841.6428597201907,3883.788027157555,4633.240354138995,4887.202935446364,soft,5.0,1.580103228148718e6,90815.54872317865,1.5852000286e6,94198.83396112581
25,2,0.005,1.0,15848931,1.5848931e7,0,0,1.1514972208535704e-5,0,1.1514972208535704e-5,0.0,200000,200000,64456.79069767442,157940.69254658386,170806.13183279743,166.9090909090909,206.63636363636363,60932.046259179406,61761.894942449864,61366.239592059195,62477.93018118537,soft,5.0,1.5797226651820512e7,972233.3639290197,1.5886764037020512e7,986488.1554739325
25,2,0.005,1.0,199526,199526.0,0,0,0.00258111724787747,0,0.00258111724787747,0.0,200000,200000,446.02564102564105,159798.2398753894,177334.80327868852,28.38095238095238,7.6,248.50565777010516,258.6228537059777,771.97783629059,933.2270448361306,soft,5.0,197004.32187179488,25191.747546102262,197265.03403076922,26363.517328374997
25,2,0.005,1.0,1995262,1.995262e6,0,0,0.00011402011364923504,0,0.00011402011364923504,0.0,200000,200000,7505.358208955224,166914.10223642172,163346.49679487178,86.3076923076923,55.416666666666664,5135.694704701676,5197.006222361589,5534.483297326088,5800.555873322833,soft,5.0,1.988863576374359e6,101098.17305425038,1.9968052235897435e6,103364.55419930861
25,2,0.005,1.0,19952623,1.9952623e7,0,0,8.770776654277485e-6,0,8.770776654277485e-6,0.0,200000,200000,90531.43589743589,149355.5,173860.2628205128,134.86111111111111,164.25,81618.60921121317,82864.78219699243,82480.2689814639,83953.94934248395,soft,5.0,1.98901948616e7,1.3867757137401532e6,2.0011129248589743e7,1.4022821549390706e6
25,2,0.005,1.0,251188,251188.0,0,0,0.0018113922639616542,0,0.0018113922639616542,0.0,200000,200000,579.1212121212121,155666.0807453416,179992.34098360655,27.818181818181817,42.8,348.07400467422497,359.18195349502963,970.0208787988379,1138.14652036619,soft,5.0,248522.350174359,30056.42274531249,248710.456825641,31020.960926461692
25,2,0.005,1.0,2511886,2.511886e6,0,0,8.559305637278124e-5,0,8.559305637278124e-5,0.0,200000,200000,8431.163265306122,157194.290625,173508.45659163987,87.6,49.27272727272727,7030.8143140383345,7110.695791131358,7568.590541691876,7853.557279760783,soft,5.0,2.5068163617128204e6,134243.3313524264,2.5154663767794874e6,136452.15471848432
25,2,0.005,1.0,25118864,2.5118864e7,0,0,6.966875572080012e-6,0,6.966875572080012e-6,0.0,200000,200000,85842.5625,150945.56748466258,161476.28173374612,115.26923076923077,107.34782608695652,107706.79040241714,109436.05796146755,107491.92326077512,109477.61171594546,soft,5.0,2.503110827766154e7,1.6970936055916268e6,2.5197728194158975e7,1.7206852793744274e6
25,2,0.005,1.0,316227,316227.0,0,0,0.0012728198414430141,0,0.0012728198414430141,0.0,200000,200000,982.2156862745098,156820.9480122324,171494.97444089456,46.55555555555556,8.923076923076923,478.56837126684076,491.97651003069234,1068.5825019117165,1245.739416381815,soft,5.0,313149.6792871795,29212.2256878093,313502.05355897435,30307.020829205874
25,2,0.005,1.0,3162277,3.162277e6,0,0,6.482670556690638e-5,0,6.482670556690638e-5,0.0,200000,200000,12026.855072463768,144269.65757575756,162485.30555555556,102.16666666666667,126.125,9464.384799869478,9566.405931242896,9641.420431820823,9928.406831867296,soft,5.0,3.1514334995589745e6,170687.73442224212,3.1654512543948716e6,174432.54377343238
25,2,0.005,1.0,31622776,3.1622776e7,0,0,5.53398601058933e-6,0,5.53398601058933e-6,0.0,200000,200000,118088.90625,157046.66666666666,176928.82410423452,152.5185185185185,64.14285714285714,133446.35182586525,135522.5328553982,133874.42981398618,136182.25861379362,soft,5.0,3.1516472612482052e7,2.116535996819276e6,3.1713231340282053e7,2.1419707283806563e6
25,2,0.005,1.0,398107,398107.0,0,0,0.0009105592215158236,0,0.0009105592215158236,0.0,200000,200000,1080.909090909091,155011.16109422492,179415.32459016395,34.758620689655174,17.6,659.4299649481737,670.7507821028189,1286.5922867164625,1475.77631771517,soft,5.0,394639.1661487179,30933.24477695572,395748.2680769231,32221.607351039645
25,2,0.005,1.0,3981071,3.981071e6,0,0,5.2749624410114765e-5,0,5.2749624410114765e-5,0.0,200000,200000,13661.527777777777,171401.38585209002,177831.6504854369,106.36363636363636,17.555555555555557,11720.620436370293,11841.695717516848,12158.698396254771,12490.626887081873,soft,5.0,3.9721358647692306e6,212817.19190325623,3.9894901753641027e6,215604.44005351665
25,2,0.005,1.0,39810717,3.9810717e7,0,0,4.521395583003441e-6,0,4.521395583003441e-6,0.0,200000,200000,140298.52,164426.47284345047,180607.30392156861,80.38461538461539,28.666666666666668,171539.58302640484,174273.7159860914,169887.40930098286,172918.84221465778,soft,5.0,3.967919138434872e7,2.5181250234582317e6,3.9936845616692305e7,2.5527231693944996e6
25,2,0.005,1.0,501187,501187.0,0,0,0.0006634250289811987,0,0.0006634250289811987,0.0,200000,200000,1377.4651162790697,158367.16875,175340.89644012944,14.1,8.0,894.504303094862,912.1316320412179,1616.1458843899031,1811.687303045959,soft,5.0,498646.87167692307,39468.22912362077,499323.58773333335,41301.554122251524
25,2,0.005,1.0,5011872,5.011872e6,0,0,3.990524897682941e-5,0,3.990524897682941e-5,0.0,200000,200000,18579.121951219513,163360.29595015576,175335.3125,120.42857142857143,84.25,15641.806151991188,15832.413024780386,15906.683225414294,16331.140029117876,soft,5.0,4.99850298854359e6,283078.36858318065,5.020703965523077e6,287192.8285029797
25,2,0.005,1.0,50118723,5.0118723e7,0,0,3.491709076466294e-6,0,3.491709076466294e-6,0.0,200000,200000,197504.0,166935.3619047619,180315.52117263843,209.53333333333333,51.57142857142857,217593.17420384,221201.26791707723,214152.85838066385,218078.59932263975,soft,5.0,4.994613204397436e7,3.109325046966062e6,5.0274590197333336e7,3.150764561233172e6
25,2,0.005,1.0,630957,630957.0,0,0,0.0004992416281933634,0,0.0004992416281933634,0.0,200000,200000,2132.189189189189,166151.44728434505,178298.11184210525,12.307692307692308,35.0,1188.4464705653754,1203.0951838966769,1973.863324643083,2170.0378487198136,soft,5.0,627458.4060769231,47539.18098483529,629294.797651282,49358.44857079246
25,2,0.005,1.0,6309573,6.309573e6,0,0,2.971674945356841e-5,0,2.971674945356841e-5,0.0,200000,200000,26648.70909090909,140367.81142857144,168040.02222222224,116.84,92.0,21104.108802626168,21369.450430515517,21150.457294609845,21641.518659545407,soft,5.0,6.28804035776923e6,384657.7071268664,6.316892527625641e6,391997.73832601885
25,2,0.005,1.0,63095734,6.3095734e7,0,0,2.575451456036632e-6,0,2.575451456036632e-6,0.0,200000,200000,347070.04347826086,144788.81065088758,157617.05487804877,226.23684210526315,159.03571428571428,258626.30025691786,263431.3153070934,265605.1080784165,270878.7281234786,soft,5.0,6.289462542333846e7,4.298208833782186e6,6.328701940693846e7,4.358063580087521e6
25,2,0.005,1.0,794328,794328.0,0,0,0.00035879384838505003,0,0.00035879384838505003,0.0,200000,200000,2039.4772727272727,158430.75157232705,174510.6970684039,27.666666666666668,29.428571428571427,1631.609605565562,1649.6935924902245,2281.759999969047,2481.148389910003,soft,5.0,790819.2329897436,48079.24429826882,792962.2893948718,49724.693536085586
25,2,0.005,1.0,7943282,7.943282e6,0,0,2.3604852503033383e-5,0,2.3604852503033383e-5,0.0,200000,200000,27967.966101694914,161062.909375,165472.17034700315,178.8,87.88235294117646,28299.440675689588,28649.626311454453,28327.783144976736,28891.553085042837,soft,5.0,7.921653378184616e6,470050.04054963787,7.964318324358975e6,475581.9265262262
25,2,0.005,1.0,79432823,7.9432823e7,0,0,2.0457538063326793e-6,0,2.0457538063326793e-6,0.0,200000,200000,330648.6911764706,150601.15773809524,158616.82370820668,208.88888888888889,97.75862068965517,351622.4579155912,358633.9268426913,347420.02536335326,354659.2128750158,soft,5.0,7.915240745107692e7,5.500986544927229e6,7.967505720316923e7,5.565523578409539e6
