L,d,J,Jprop,NX,NY,rR_random,rH_random,rR_hosthost,rH_phagephage,rH_phagehost,rH_3body,simulation_time,GenePersisentTime,mean_establish_size,persTimeHost,persTimePhage,gapTimeHost,gapTimePhage,theta_GH,theta_GP,theta_gH,theta_gP,constraint,soft_threshold,mean_host_N,std_host_N,mean_phage_N,std_phage_N
10,3,0.005,1.0,100000,100000.0,0,0,0.00211,0,0.00211,0.0,200000,200000,895.8275862068965,168616.11023622047,162004.1056910569,3.7142857142857144,32.333333333333336,373.33376812906556,381.0955241044705,562.6931716931006,643.3851479852286,hard,5.0,99998.78128717949,331.66074510858743,99998.64418974359,331.4497825349076
10,3,0.005,1.0,1000000,1.0e6,0,0,0.000114,0,0.000114,0.0,200000,200000,8173.5,166724.07874015748,167168.1015625,15.142857142857142,102.75,6528.139055991946,6612.936422312505,5288.492266718169,5454.331334008049,hard,5.0,1.0000033898256411e6,1050.158390841432,1.0000116207179488e6,1050.029753270225
10,3,0.005,1.0,10000000,1.0e7,0,0,9.3e-6,0,9.3e-6,0.0,200000,200000,80097.41666666667,164878.484375,178929.21951219512,112.75,64.0,98759.32859508463,100200.16314408349,70652.02975731708,71942.31596965218,hard,5.0,1.000008010245641e7,3323.1718723141726,1.000005151776923e7,3333.2767848274325
10,3,0.005,1.0,100000000,1.0e8,0,0,5.9e-7,0,5.9e-7,0.0,200000,200000,1.543604105263158e6,137682.38356164383,167552.59842519686,186.26923076923077,206.28571428571428,730729.6651381394,743809.122350505,532498.5794504095,544888.2750258857,hard,5.0,1.0000046957671282e8,10497.754817826688,1.0000047403154872e8,10538.26346209793
10,3,0.005,1.0,125892,125892.0,0,0,0.0015251167667524545,0,0.0015251167667524545,0.0,200000,200000,814.4642857142857,170869.18032786885,163826.78125,5.0,18.125,502.06769916823646,510.0896994972085,649.7470534073219,740.5377793323307,hard,5.0,125891.93504102564,373.2832528856335,125892.12041538462,372.5317153898569
10,3,0.005,1.0,1258925,1.258925e6,0,0,8.340449192763668e-5,0,8.340449192763668e-5,0.0,200000,200000,11140.567567567568,139997.41134751774,150740.5303030303,109.47619047619048,156.91666666666666,9262.590001522576,9370.092549104857,6467.730148870721,6673.078018469179,hard,5.0,1.2589288517948717e6,1179.1622091898441,1.2589333674e6,1177.8251303914076
10,3,0.005,1.0,12589254,1.2589254e7,0,0,7.069521355276492e-6,0,7.069521355276492e-6,0.0,200000,200000,144669.36111111112,138905.12949640286,147121.9776119403,111.3157894736842,176.64285714285714,131151.69704134244,133265.7264029506,91264.55946047809,93024.81690895546,hard,5.0,1.2589327373358974e7,3719.6324551418547,1.258934991571282e7,3732.371695736372
10,3,0.005,1.0,158489,158489.0,0,0,0.0011167967493012133,0,0.0011167967493012133,0.0,200000,200000,1299.5555555555557,149994.22307692308,162628.89682539683,27.2,84.83333333333333,693.5060600141751,702.7848064228491,894.0378094554842,987.7844047394943,hard,5.0,158491.18036923077,418.37210247528145,158489.9875230769,418.1693806389608
10,3,0.005,1.0,1584893,1.584893e6,0,0,6.56195717944366e-5,0,6.56195717944366e-5,0.0,200000,200000,14860.52,158850.32,164255.62903225806,131.4,57.5,11692.791045348431,11811.181457211935,8555.708355598437,8751.403664899457,hard,5.0,1.584900887128205e6,1321.1852479053898,1.5848991228820514e6,1323.1738004033625
10,3,0.005,1.0,15848931,1.5848931e7,0,0,5.615520693477686e-6,0,5.615520693477686e-6,0.0,200000,200000,209687.41176470587,173237.232,171000.12598425196,38.0,94.57142857142857,145714.79590673433,148046.48197104112,104749.49655246036,106810.63120343824,hard,5.0,1.5849048482235897e7,4189.282356355002,1.5849016434225641e7,4182.929796718712
10,3,0.005,1.0,199526,199526.0,0,0,0.0008419955294046891,0,0.0008419955294046891,0.0,200000,200000,1158.904761904762,150603.4060150376,172646.25203252034,30.53846153846154,21.333333333333332,919.5655241660338,927.1867095373833,1124.991615992409,1230.5955888963517,hard,5.0,199527.09406666667,469.30456673739263,199525.43657948717,469.40673004011944
10,3,0.005,1.0,1995262,1.995262e6,0,0,5.1121105899876806e-5,0,5.1121105899876806e-5,0.0,200000,200000,18640.95238095238,166765.54032258064,166825.9842519685,264.5,101.71428571428571,15765.09207395428,15932.329909886124,11367.982036170572,11609.32588201515,hard,5.0,1.9952762052205128e6,1484.5778852589422,1.9952676960205128e6,1487.2803505558402
10,3,0.005,1.0,19952623,1.9952623e7,0,0,4.460566412746835e-6,0,4.460566412746835e-6,0.0,200000,200000,275075.3846153846,161164.78294573643,175655.28925619836,260.8888888888889,5.0,194112.09853861967,197505.32859229392,134597.2518061867,136878.87249292468,hard,5.0,1.9952742347215384e7,4700.046109493144,1.99527350752e7,4689.694749060396
10,3,0.005,1.0,251188,251188.0,0,0,0.0006250298581142412,0,0.0006250298581142412,0.0,200000,200000,2073.7,161649.34108527133,174636.86991869917,42.888888888888886,5.0,1215.1847387918954,1229.0956447417632,1357.1687015603193,1481.6220072409794,hard,5.0,251188.50926666666,526.2224383004007,251189.36383589744,526.9935448189632
10,3,0.005,1.0,2511886,2.511886e6,0,0,3.821829493854419e-5,0,3.821829493854419e-5,0.0,200000,200000,22752.535714285714,156068.2015503876,161472.82170542635,107.33333333333333,81.0,21071.138028085887,21306.30316699905,14850.417627151071,15164.344346212718,hard,5.0,2.5118923261179486e6,1665.936468364924,2.5118989478615383e6,1664.6306465693635
10,3,0.005,1.0,25118864,2.5118864e7,0,0,3.3441002745984057e-6,0,3.3441002745984057e-6,0.0,200000,200000,366574.7727272727,144826.93984962406,164415.60317460317,191.69230769230768,278.1666666666667,258257.25887878446,262808.64017489576,187609.52684284913,191135.02931262564,hard,5.0,2.5119033711215384e7,5274.099056697173,2.511903330762564e7,5276.299192052558
10,3,0.005,1.0,316227,316227.0,0,0,0.00045853137145152056,0,0.00045853137145152056,0.0,200000,200000,1935.2941176470588,154375.22222222222,156772.12403100776,33.5,25.333333333333332,1643.595896875666,1661.3544208385194,1715.8332354700567,1850.2048438865686,hard,5.0,316227.18184615386,591.5529730821536,316228.97301538463,589.5945335381393
10,3,0.005,1.0,3162277,3.162277e6,0,0,3.099032753930158e-5,0,3.099032753930158e-5,0.0,200000,200000,28660.058823529413,159339.203125,172345.39837398374,131.0,98.0,26480.96634422427,26762.25169359815,18500.634399662576,18829.617044977662,hard,5.0,3.1622994144e6,1869.6738600738984,3.1622883861589744e6,1866.6624485834302
10,3,0.005,1.0,31622776,3.1622776e7,0,0,2.593067730676143e-6,0,2.593067730676143e-6,0.0,200000,200000,312977.75,161598.5905511811,177550.5241935484,171.85714285714286,214.5,292279.51375727484,297229.5709137831,210769.33228393592,214135.30387394238,hard,5.0,3.1622986450953845e7,5905.404183056306,3.1623005328107692e7,5894.269276619951
10,3,0.005,1.0,398107,398107.0,0,0,0.00034161670103766075,0,0.00034161670103766075,0.0,200000,200000,3671.8518518518517,133944.5652173913,164042.62121212122,20.22222222222222,15.083333333333334,2267.213159426771,2296.9607978417193,2228.6807820488657,2380.8423974497264,hard,5.0,398109.2049589744,663.7494911091454,398111.04853333335,661.3916828411742
10,3,0.005,1.0,3981071,3.981071e6,0,0,2.3360547953050826e-5,0,2.3360547953050826e-5,0.0,200000,200000,44724.65625,144133.16541353383,154785.0076923077,92.23076923076923,85.1,35399.68787130866,35857.19627469762,24459.01610525882,24933.446051103645,hard,5.0,3.981084425871795e6,2098.814493659127,3.9810881117692306e6,2095.0130223823326
10,3,0.005,1.0,501187,501187.0,0,0,0.0002573889586122545,0,0.0002573889586122545,0.0,200000,200000,5615.272727272727,161478.75968992247,168740.672,76.77777777777777,30.8,2900.993874246873,2926.200171157153,2367.5095635663783,2496.712646793712,hard,5.0,501185.57825641026,742.4905574329567,501186.65525641025,744.1767598568821
10,3,0.005,1.0,5011872,5.011872e6,0,0,1.8954993263993974e-5,0,1.8954993263993974e-5,0.0,200000,200000,54811.954545454544,169007.90476190476,167609.0546875,155.16666666666666,39.5,45443.840877415336,46022.95515132706,32311.826051338056,32933.64276232645,hard,5.0,5.0119176542e6,2350.04487210434,5.011903970989743e6,2352.9224230597843
10,3,0.005,1.0,50118723,5.0118723e7,0,0,1.5563046169392622e-6,0,1.5563046169392622e-6,0.0,200000,200000,716679.125,162571.8015873016,171686.33858267716,132.33333333333334,289.2857142857143,409119.43201267894,416340.3149020234,301926.6554736763,306194.26025478105,hard,5.0,5.0118980338641025e7,7422.252956853948,5.0118990915835895e7,7438.144276448699
10,3,0.005,1.0,630957,630957.0,0,0,0.0001886023928730484,0,0.0001886023928730484,0.0,200000,200000,5681.969696969697,128568.09933774834,156458.4193548387,46.61290322580645,109.75,4097.553341980382,4134.620044297498,3410.6147553704154,3550.6869363468386,hard,5.0,630961.1274666666,835.7721645336296,630960.0075333334,834.8100573699245
10,3,0.005,1.0,63095734,6.3095734e7,0,0,1.1886699027861377e-6,0,1.1886699027861377e-6,0.0,200000,200000,1.0101368571428572e6,174456.7619047619,184239.6611570248,310.6666666666667,128.0,508017.46289461304,516236.6974617017,364275.21177898074,369285.4620279937,hard,5.0,6.309613265930256e7,8333.085125064728,6.309605470762564e7,8337.584184808493
10,3,0.005,1.0,794328,794328.0,0,0,0.0001447764651378272,0,0.0001447764651378272,0.0,200000,200000,7046.807692307692,136513.79710144928,167263.07936507938,65.88888888888889,42.0,5275.531276840988,5338.163714192771,4119.788868843517,4289.140984744085,hard,5.0,794329.9598820513,938.9257608858571,794330.3453846154,933.9361488114704
10,3,0.005,1.0,7943282,7.943282e6,0,0,1.1708006841504556e-5,0,1.1708006841504556e-5,0.0,200000,200000,70925.27272727272,164897.776,165753.01550387597,214.6,85.33333333333333,75143.0551287582,76204.93714241007,52788.92963036263,53826.138369756736,hard,5.0,7.943329799933333e6,2966.2459106545566,7.943328329969231e6,2955.113033358562
10,3,0.005,1.0,79432823,7.9432823e7,0,0,8.183015225330718e-7,0,8.183015225330718e-7,0.0,200000,200000,902658.5833333334,145451.64028776978,160492.0846153846,276.42105263157896,224.0,617095.5988317281,628819.4084429299,459260.81873067963,467467.39004736266,hard,5.0,7.943314894527692e7,9351.168243537073,7.943321739322564e7,9378.209106120283
15,3,0.005,1.0,100000,100000.0,0,0,0.0100975,0,0.0100975,0.0,200000,200000,193.46052631578948,156057.24236252546,154079.88508064515,5.055555555555555,7.2682926829268295,69.07802914300221,71.41073160691887,195.96371943387814,264.2766463998535,hard,5.0,99996.78810769231,331.77919408388254,99998.24291794872,330.94092095048177
15,3,0.005,1.0,1000000,1.0e6,0,0,0.00048475,0,0.00048475,0.0,200000,200000,1871.319587628866,159243.3975409836,167353.98121085594,30.03030303030303,51.875,1347.769547289471,1363.4583865788725,1783.3087703954716,1944.7254959355196,hard,5.0,1.0000015674358974e6,1047.4065423474403,1.0000033987076923e6,1054.4607555177056
15,3,0.005,1.0,10000000,1.0e7,0,0,3.2275e-5,0,3.2275e-5,0.0,200000,200000,29105.967741935485,157073.4317718941,164679.44074844074,112.30555555555556,100.96153846153847,22095.037293490182,22374.677390419347,17238.752489856983,17609.390157142614,hard,5.0,1.000007559608205e7,3323.967896054646,1.000005215025641e7,3318.965461474035
15,3,0.005,1.0,100000000,1.0e8,0,0,2.7774999999999997e-6,0,2.7774999999999997e-6,0.0,200000,200000,272372.2151898734,159317.77425742574,165966.45061728396,156.56,127.83870967741936,272901.4951595603,277513.85520437674,215708.95891141755,218972.8614178353,hard,5.0,1.000006776480205e8,10548.933885188111,1.0000069118332821e8,10534.89576892107
15,3,0.005,1.0,125892,125892.0,0,0,0.007282035395418295,0,0.007282035395418295,0.0,200000,200000,247.9290780141844,146903.03913894325,155158.9551934827,5.607142857142857,3.6944444444444446,94.69252502470862,97.03731004394746,250.55579776304046,330.73036797114094,hard,5.0,125891.30054358975,374.3344070349512,125890.99793333333,372.2961170797323
15,3,0.005,1.0,1258925,1.258925e6,0,0,0.0003671783466052386,0,0.0003671783466052386,0.0,200000,200000,3198.553191489362,159882.23739495798,168385.19873150106,51.333333333333336,36.05555555555556,1784.4652651556976,1801.8325984107867,2086.470518009295,2243.650360319156,hard,5.0,1.2589256923692308e6,1178.0871652946012,1.258927719923077e6,1177.1126847630646
15,3,0.005,1.0,12589254,1.2589254e7,0,0,2.516034707060482e-5,0,2.516034707060482e-5,0.0,200000,200000,34950.320388349515,159698.05714285714,160874.52066115703,89.51428571428572,117.58620689655173,29271.880119618047,29644.594292018537,23609.615104718723,24084.440128970615,hard,5.0,1.2589316202138461e7,3733.1764492835982,1.2589342975871796e7,3734.497153947695
15,3,0.005,1.0,158489,158489.0,0,0,0.005415202316880036,0,0.005415202316880036,0.0,200000,200000,305.1192660550459,160535.27479338844,165398.36730360935,6.551724137931035,3.0625,125.9361186343462,129.31607910103452,319.716134213599,412.4618357845147,hard,5.0,158485.792625641,418.74535916829217,158489.92932820512,418.06302263066954
15,3,0.005,1.0,1584893,1.584893e6,0,0,0.0002727313452706271,0,0.0002727313452706271,0.0,200000,200000,3799.0535714285716,158408.96106557376,163313.95643153528,41.484848484848484,22.333333333333332,2412.4132090749085,2439.106702611938,2790.3553020708696,2974.681006501637,hard,5.0,1.5848973195692308e6,1321.7629193656262,1.5848979472358974e6,1324.6014774750745
15,3,0.005,1.0,15848931,1.5848931e7,0,0,1.9796287837962068e-5,0,1.9796287837962068e-5,0.0,200000,200000,46122.117647058825,168991.70331950206,172076.20168067227,75.37037037037037,97.57142857142857,36980.04494763044,37464.05058303251,29758.932419832116,30337.431956674653,hard,5.0,1.5849022088323077e7,4182.835876213941,1.5849022420933334e7,4183.347237708874
15,3,0.005,1.0,199526,199526.0,0,0,0.003970660465302768,0,0.003970660465302768,0.0,200000,200000,470.5321100917431,153534.45967741936,162982.21848739494,7.902439024390244,6.619047619047619,171.24016764106037,173.73822054718406,406.45200307449596,511.8252561085678,hard,5.0,199528.08363076922,470.2818316229305,199524.91837435897,469.13051681948315
15,3,0.005,1.0,1995262,1.995262e6,0,0,0.00020611328236592487,0,0.00020611328236592487,0.0,200000,200000,4800.634408602151,156039.8681541582,165870.1589958159,20.81578947368421,47.91304347826087,3172.619545682795,3204.796885974157,3220.4898746260046,3388.6057938615168,hard,5.0,1.9952636556871794e6,1483.9667438266727,1.9952701874871794e6,1483.824069617451
15,3,0.005,1.0,19952623,1.9952623e7,0,0,1.5273681059377505e-5,0,1.5273681059377505e-5,0.0,200000,200000,65960.42222222222,159049.33737373736,162485.92631578946,133.15,105.6,51059.209910120524,51747.91039541671,41126.18119656684,41912.03204076101,hard,5.0,1.995274474086667e7,4695.121508468732,1.9952764855728205e7,4675.227088697942
15,3,0.005,1.0,251188,251188.0,0,0,0.0029151472204086183,0,0.0029151472204086183,0.0,200000,200000,506.18947368421055,162276.96033402922,167739.75625,10.5,20.76,232.8514546028098,236.17906994549995,530.6459707241784,651.8126826055122,hard,5.0,251188.85436923077,527.2099719336856,251188.65523076922,526.0590923584451
15,3,0.005,1.0,2511886,2.511886e6,0,0,0.00015655567171440104,0,0.00015655567171440104,0.0,200000,200000,6175.40243902439,160150.50625,170239.91983122364,44.52,46.73684210526316,4172.313052700361,4205.865954882222,3753.860406775708,3937.974091764443,hard,5.0,2.5118980598051283e6,1660.473660618205,2.5118945400717948e6,1665.9311728996272
15,3,0.005,1.0,25118864,2.5118864e7,0,0,1.2012884022143675e-5,0,1.2012884022143675e-5,0.0,200000,200000,75939.27631578948,161085.63039014375,168174.4419087137,134.5625,138.0,65832.30673317515,66765.56347282563,51711.508961590545,52701.852224348986,hard,5.0,2.5119037188810255e7,5260.873777764069,2.511902536319487e7,5280.164626111153
15,3,0.005,1.0,316227,316227.0,0,0,0.002154306874492058,0,0.002154306874492058,0.0,200000,200000,660.887323943662,165106.54752066114,173109.20638297874,20.655172413793103,8.333333333333334,311.6914531131117,314.96301523064795,608.0680185877937,724.5948722105405,hard,5.0,316226.60067692306,590.6294417742002,316228.2571128205,589.4984918995366
15,3,0.005,1.0,3162277,3.162277e6,0,0,0.00011866449397064205,0,0.00011866449397064205,0.0,200000,200000,6847.216494845361,159221.62962962964,165353.94926004228,101.38709677419355,46.77777777777778,5608.373728124328,5669.319824218477,5006.941642025266,5247.32877811682,hard,5.0,3.1622809421179486e6,1870.9564481983423,3.1622908580871797e6,1860.6185929214782
15,3,0.005,1.0,31622776,3.1622776e7,0,0,9.352436357895968e-6,0,9.352436357895968e-6,0.0,200000,200000,97704.48888888888,157174.78557114227,164932.69854469853,141.3181818181818,134.23076923076923,87601.46964211226,88896.80893512054,66174.98125572255,67442.8702095364,hard,5.0,3.1623005992666665e7,5921.078671927925,3.1623002575128205e7,5899.118077468462
15,3,0.005,1.0,398107,398107.0,0,0,0.0015755814391608285,0,0.0015755814391608285,0.0,200000,200000,849.6601941747573,158816.4762886598,164969.6306122449,11.633333333333333,10.742857142857142,421.7948982937802,426.2501761871508,788.1046658092808,907.6032057033996,hard,5.0,398102.8469230769,664.3663278924435,398110.16937435896,664.020402872355
15,3,0.005,1.0,3981071,3.981071e6,0,0,9.124429079511518e-5,0,9.124429079511518e-5,0.0,200000,200000,11920.414414414414,159572.77366255145,161739.33950617284,64.19354838709677,32.774193548387096,7415.447521276543,7489.132927985992,6045.420738931376,6223.158025809855,hard,5.0,3.9810844683846156e6,2105.0868512172865,3.9810906575846155e6,2096.3119095739457
15,3,0.005,1.0,39810717,3.9810717e7,0,0,7.428904131518155e-6,0,7.428904131518155e-6,0.0,200000,200000,113123.69014084506,157856.8142857143,169443.03157894738,121.42857142857143,96.75,110245.59894301834,111927.79517899184,89782.47481299091,91470.97015824536,hard,5.0,3.981102815364102e7,6633.308240854666,3.981096728749744e7,6624.713239028779
15,3,0.005,1.0,501187,501187.0,0,0,0.001164734919301578,0,0.001164734919301578,0.0,200000,200000,1124.3962264150944,159533.427402863,163225.64345991562,29.38235294117647,36.73684210526316,571.3373211761389,576.9013728983582,967.0904205939836,1098.8206306526824,hard,5.0,501191.3759076923,744.6282791743105,501187.5084974359,743.6430562661745
15,3,0.005,1.0,5011872,5.011872e6,0,0,6.858714667892556e-5,0,6.858714667892556e-5,0.0,200000,200000,13684.0,158284.4215885947,163816.46105263158,68.91666666666667,78.35,9773.303301308957,9887.614835090308,8030.807076799675,8306.431424114187,hard,5.0,5.011905652953846e6,2348.3930830469862,5.011893229548718e6,2357.094600655751
15,3,0.005,1.0,50118723,5.0118723e7,0,0,5.811201534404618e-6,0,5.811201534404618e-6,0.0,200000,200000,155347.42105263157,162905.8600823045,167024.26708074534,121.0,104.46428571428571,137257.8260911334,139373.97460288214,110240.54995005317,112112.18460400873,hard,5.0,5.0119087682e7,7409.9558837743525,5.0119063421764106e7,7463.643795421856
15,3,0.005,1.0,630957,630957.0,0,0,0.0008562390147030622,0,0.0008562390147030622,0.0,200000,200000,1285.2301587301588,150827.56024096385,158129.88957055216,25.53488372093023,17.176470588235293,772.5259924136215,778.3268083936582,1214.161558593176,1349.3325373828643,hard,5.0,630957.1263384615,834.9157483729675,630957.931076923,835.8737124787515
15,3,0.005,1.0,6309573,6.309573e6,0,0,5.3292037353399356e-5,0,5.3292037353399356e-5,0.0,200000,200000,16446.094736842104,158940.3354037267,164548.72651356994,124.92857142857143,125.25,12841.232240691254,12987.536152242126,10457.053082793804,10765.720352700402,hard,5.0,6.309607779174359e6,2646.349597356094,6.3096222250666665e6,2631.1383642742403
15,3,0.005,1.0,63095734,6.3095734e7,0,0,4.687321649986669e-6,0,4.687321649986669e-6,0.0,200000,200000,213980.88709677418,163762.2786885246,171964.5052631579,101.15151515151516,50.85,172521.01178963747,175256.5088166673,133705.26601029496,136122.3058372663,hard,5.0,6.3096173926476926e7,8347.542922389624,6.309616722677436e7,8359.803523156099
15,3,0.005,1.0,794328,794328.0,0,0,0.0006499204358904634,0,0.0006499204358904634,0.0,200000,200000,1665.7708333333333,158517.9938016529,167333.54697286012,56.241379310344826,23.125,1016.9468866995225,1028.0628592563085,1391.6592338784894,1537.7484250757755,hard,5.0,794329.0019230769,932.4658665667927,794327.3434461538,937.1549640955752
15,3,0.005,1.0,7943282,7.943282e6,0,0,4.1198335901960924e-5,0,4.1198335901960924e-5,0.0,200000,200000,21752.871287128713,149620.55668016194,161422.95491803277,86.64102564102564,117.15151515151516,17169.408924010404,17390.595807212972,13910.673924745617,14252.708772381811,hard,5.0,7.943329606769231e6,2954.889009527477,7.9433300078717945e6,2952.379452693004
15,3,0.005,1.0,79432823,7.9432823e7,0,0,3.4966653520547797e-6,0,3.4966653520547797e-6,0.0,200000,200000,245396.42222222223,159066.8101010101,162620.60887096773,152.9,135.1951219512195,217509.29345279533,221237.78251284725,159962.6045344067,162929.1837503836,hard,5.0,7.943341020033333e7,9370.318434975616,7.943337489845128e7,9347.731310812675
20,3,0.005,1.0,100000,100000.0,0,0,0.03485,0,0.03485,0.0,200000,200000,78.87192118226601,158256.65953947368,149653.51166532582,2.4210526315789473,2.116504854368932,19.75746304577289,20.363844881877572,93.69680464840182,122.46445179293268,hard,5.0,100000.33137948718,332.6122372703633,99999.50648205128,331.01324802349194
20,3,0.005,1.0,1000000,1.0e6,0,0,0.001403,0,0.001403,0.0,200000,200000,892.3558823529412,152939.79626623375,156996.7426948052,18.58695652173913,31.706521739130434,439.1413504609303,442.44049399490956,912.8106545319753,1051.9805325256566,hard,5.0,1.0000070312102564e6,1054.1927225846878,1.0000010745179487e6,1050.508851115462
20,3,0.005,1.0,10000000,1.0e7,0,0,8.37e-5,0,8.37e-5,0.0,200000,200000,10041.892857142857,152625.69871794872,157023.1590909091,63.49074074074074,60.358695652173914,7561.7588922526065,7651.150423652463,6793.561507862015,7046.926237659476,hard,5.0,1.0000053846128205e7,3336.7474450302407,1.000004106854359e7,3313.512979942396
20,3,0.005,1.0,100000000,1.0e8,0,0,6.91e-6,0,6.91e-6,0.0,200000,200000,105755.71428571429,156279.98385794996,163026.39901071723,101.52525252525253,110.32876712328768,111941.79974597319,113621.81433969857,96540.07410043893,98268.92288084792,hard,5.0,1.000006977926e8,10508.600945017624,1.0000069992694359e8,10508.989397455533
20,3,0.005,1.0,125892,125892.0,0,0,0.024378038318558764,0,0.024378038318558764,0.0,200000,200000,99.49122807017544,161078.06229508197,150133.25477707008,2.1375,3.1206896551724137,27.33088465339991,28.133408189348067,111.67663955631045,153.51782549991646,hard,5.0,125893.15848205128,372.816670603254,125889.86882051283,372.5717169448669
20,3,0.005,1.0,1258925,1.258925e6,0,0,0.0010556625692555155,0,0.0010556625692555155,0.0,200000,200000,1074.4239130434783,159247.24016393442,163348.3872590109,20.2625,14.716981132075471,584.3807307844704,588.526545676614,1122.013819134921,1282.3050641829032,hard,5.0,1.2589263840666667e6,1172.278264899605,1.258930424671795e6,1179.2135233934691
20,3,0.005,1.0,12589254,1.2589254e7,0,0,6.473775173652069e-5,0,6.473775173652069e-5,0.0,200000,200000,12372.71897810219,154683.21480289623,160129.1760851761,102.86407766990291,72.62962962962963,9881.946027505488,9997.604020244786,8598.214033899489,8874.9303151202,hard,5.0,1.2589307783876924e7,3713.5322664916876,1.2589319964128206e7,3715.038812333717
20,3,0.005,1.0,158489,158489.0,0,0,0.017155764753389827,0,0.017155764753389827,0.0,200000,200000,127.39164490861619,156037.77243066885,151310.9556451613,3.9186046511627906,2.42,37.89344293883847,38.99999452779276,139.91691806659327,195.80335182561166,hard,5.0,158489.1693948718,417.83950618046634,158487.34802564103,417.41849995518993
20,3,0.005,1.0,1584893,1.584893e6,0,0,0.0007893277337965402,0,0.0007893277337965402,0.0,200000,200000,1397.9521912350597,159675.0707236842,165931.67058823528,27.5,17.58,780.5268247564711,786.309273074625,1304.1700657135484,1461.061033753756,hard,5.0,1.5848885229435898e6,1321.7750998557942,1.5849004270974358e6,1323.2832564190262
20,3,0.005,1.0,15848931,1.5848931e7,0,0,4.9656345907493696e-5,0,4.9656345907493696e-5,0.0,200000,200000,17738.536585365855,155686.18203688852,164297.76039933445,91.42056074766356,94.09677419354838,12962.738991445556,13118.271444602567,11138.413532080334,11436.766194339532,hard,5.0,1.5849009771246154e7,4188.681829013748,1.5849004832405128e7,4182.278911948223
20,3,0.005,1.0,199526,199526.0,0,0,0.012213947054519211,0,0.012213947054519211,0.0,200000,200000,150.59946949602121,148508.83095238096,152050.2382495948,4.35,2.276595744680851,52.55351172485516,53.892801373705275,182.59671134684947,254.071760715616,hard,5.0,199523.62411282051,468.54227721616326,199526.23327692307,468.3959520738287
20,3,0.005,1.0,1995262,1.995262e6,0,0,0.0005858879685976077,0,0.0005858879685976077,0.0,200000,200000,1866.98,156657.82662284304,160623.70189925682,37.96103896103896,36.647887323943664,1043.7415449009302,1052.5314575538655,1620.686296286418,1790.530306611553,hard,5.0,1.9952718732e6,1477.8673807937041,1.9952660498871794e6,1478.3599985725398
20,3,0.005,1.0,19952623,1.9952623e7,0,0,3.8340823660127294e-5,0,3.8340823660127294e-5,0.0,200000,200000,20593.8853046595,152229.812,158677.5150774246,83.61818181818182,70.63218390804597,17288.659687196865,17504.619182310453,15181.522967670262,15565.794153902178,hard,5.0,1.9952715625646155e7,4705.314053752464,1.995272978276923e7,4693.517911336152
20,3,0.005,1.0,251188,251188.0,0,0,0.008913642371450866,0,0.008913642371450866,0.0,200000,200000,208.9683377308707,153046.6450567261,151712.12931726908,3.4148936170212765,5.371428571428571,71.4241049667432,72.843886728342,236.27221261264586,322.267496329417,hard,5.0,251187.1086102564,524.9701160450365,251187.3620871795,526.6017114625116
20,3,0.005,1.0,2511886,2.511886e6,0,0,0.00044070471351008764,0,0.00044070471351008764,0.0,200000,200000,2211.926315789474,157682.5213114754,162094.52274607113,27.4,32.01449275362319,1398.6805247825353,1411.4751014906667,1987.0187508865251,2153.7480447311323,hard,5.0,2.511892388979487e6,1668.2593633712952,2.511894117574359e6,1662.0696437395081
20,3,0.005,1.0,25118864,2.5118864e7,0,0,3.0295956059159365e-5,0,3.0295956059159365e-5,0.0,200000,200000,27285.036437246963,156069.39871382638,163271.41858552632,94.9423076923077,63.8421052631579,22308.29157525222,22587.870209867702,19194.872555560552,19622.81884698361,hard,5.0,2.5118989745907694e7,5290.657771069092,2.5118982348035898e7,5263.284984673121
20,3,0.005,1.0,316227,316227.0,0,0,0.006517470045252303,0,0.006517470045252303,0.0,200000,200000,285.65875370919883,158380.4987755102,157339.954248366,6.423529411764706,5.785714285714286,96.95254412401904,98.66274497507808,299.25632288688735,398.07751271060516,hard,5.0,316228.20673333335,592.1734993265734,316229.96046153846,591.1465539293944
20,3,0.005,1.0,3162277,3.162277e6,0,0,0.00033235545146740784,0,0.00033235545146740784,0.0,200000,200000,2890.56884057971,156349.63717532466,163095.21149042464,43.81521739130435,29.721311475409838,1844.3552433477175,1862.3338805837996,2339.2885914610156,2526.7029259428514,hard,5.0,3.1622857570307693e6,1869.7378905256705,3.1622931286410256e6,1868.1756616691698
20,3,0.005,1.0,31622776,3.1622776e7,0,0,2.3305986798881918e-5,0,2.3305986798881918e-5,0.0,200000,200000,34440.33181818182,157131.09967585088,164924.60149130074,71.41489361702128,93.44776119402985,29647.640534035447,30024.535855261962,25976.521162776276,26559.372002298434,hard,5.0,3.1622972344682053e7,5919.888743571082,3.1622962723702565e7,5913.0027891955215
20,3,0.005,1.0,398107,398107.0,0,0,0.004749979276928062,0,0.004749979276928062,0.0,200000,200000,330.811209439528,149382.0231259968,155596.5728314239,5.956140350877193,5.451219512195122,132.7095575480056,134.29416677121813,394.3042397493776,505.4194985004019,hard,5.0,398107.22217435896,661.5477175878129,398107.71821538464,663.8359571795561
20,3,0.005,1.0,3981071,3.981071e6,0,0,0.00025043512160421153,0,0.00025043512160421153,0.0,200000,200000,3856.070895522388,152129.19692058346,162926.40214698596,62.244680851063826,26.619718309859156,2461.081490351872,2484.238607941531,2820.569299648251,3003.493799299456,hard,5.0,3.9810971617641025e6,2095.331890368468,3.981087701779487e6,2094.148484682924
20,3,0.005,1.0,39810717,3.9810717e7,0,0,1.8361889839863977e-5,0,1.8361889839863977e-5,0.0,200000,200000,45453.125628140704,156304.8758116883,168164.63590604026,82.42391304347827,134.84615384615384,38953.72811078189,39461.618960816646,32594.28222297965,33274.273787455546,hard,5.0,3.981099245011282e7,6637.29404512339,3.981096881431795e7,6638.856311060854
20,3,0.005,1.0,501187,501187.0,0,0,0.003533611206994595,0,0.003533611206994595,0.0,200000,200000,423.33101045296166,157414.6014851485,162570.01073492982,6.916666666666667,5.028169014084507,177.21181873943777,178.90423383463482,488.4289879747183,608.4841439606554,hard,5.0,501190.7845948718,743.4510273511651,501186.5150153846,744.0439386922696
20,3,0.005,1.0,5011872,5.011872e6,0,0,0.00019014851137459218,0,0.00019014851137459218,0.0,200000,200000,4604.599277978339,156762.13959183675,162685.1823480433,37.49411764705882,44.21311475409836,3238.7481031348057,3270.6134317733276,3323.883183777682,3530.6620455929383,hard,5.0,5.011893279748718e6,2353.2802703944963,5.011883994702565e6,2357.329914769234
20,3,0.005,1.0,50118723,5.0118723e7,0,0,1.4345936148452945e-5,0,1.4345936148452945e-5,0.0,200000,200000,56325.07177033493,160148.8960720131,165745.89443059018,92.64634146341463,76.26984126984127,51017.74671597134,51703.1579616893,42857.385565628756,43578.906275128465,hard,5.0,5.011905296150769e7,7439.937037297753,5.011903470471795e7,7442.079579817669
20,3,0.005,1.0,630957,630957.0,0,0,0.0025754528438546526,0,0.0025754528438546526,0.0,200000,200000,582.7971428571428,153288.86878565606,155517.3352365416,12.218390804597702,13.976744186046512,242.17412651595663,243.40341419295427,599.4390314219521,721.3394814354479,hard,5.0,630960.1407333333,835.2250409527261,630957.0576769231,837.098618264007
20,3,0.005,1.0,6309573,6.309573e6,0,0,0.00014565169465508997,0,0.00014565169465508997,0.0,200000,200000,5781.828451882845,158198.9100572363,165760.80400333612,42.40963855421687,61.86440677966102,4256.398641721314,4298.4322476967345,4394.36578926788,4591.801931858276,hard,5.0,6.309600887030769e6,2637.517752013456,6.309594781235897e6,2646.624593621363
20,3,0.005,1.0,63095734,6.3095734e7,0,0,1.1141799222115398e-5,0,1.1141799222115398e-5,0.0,200000,200000,72943.82879377432,151095.0951625694,159265.97588424437,117.0495867768595,100.8173076923077,67735.75198661865,68681.06681255413,55706.65967256622,56820.29700149087,hard,5.0,6.3096163634441026e7,8326.793480215525,6.3096178115482055e7,8327.955950589425
20,3,0.005,1.0,794328,794328.0,0,0,0.001924897523441198,0,0.001924897523441198,0.0,200000,200000,669.4725274725274,158004.30662305804,164894.69456066945,13.385542168674698,6.527272727272727,321.6533043337063,324.7842142876411,741.0188943381098,878.4490133152142,hard,5.0,794328.6318615385,937.5834291660798,794326.9028461538,937.4265121416624
20,3,0.005,1.0,7943282,7.943282e6,0,0,0.00011015597834748911,0,0.00011015597834748911,0.0,200000,200000,8399.74609375,155935.39656582175,163946.09669421488,74.80722891566265,41.08571428571429,5653.744315992345,5714.160344767038,5335.758879873752,5567.995195638162,hard,5.0,7.94329620214359e6,2962.648360624985,7.943329113784615e6,2962.9687739342176
20,3,0.005,1.0,79432823,7.9432823e7,0,0,8.825067189164359e-6,0,8.825067189164359e-6,0.0,200000,200000,88281.32275132275,157405.56351791532,168086.1744966443,109.17045454545455,70.09615384615384,88032.89095887502,89311.32933050499,72760.91302524896,74030.8059699576,hard,5.0,7.943342833969231e7,9370.952852831482,7.943340322283077e7,9381.554892518196
25,3,0.005,1.0,100000,100000.0,0,0,0.11295,0,0.11295,0.0,200000,200000,37.026153846153846,153480.0510655408,158516.80971825233,1.3315508021390374,1.1409395973154361,7.040315678330854,7.101629663776516,65.29513214148241,70.40157927857126,hard,5.0,99999.21410769231,332.50218323163386,99996.85111794873,331.15867503338694
25,3,0.005,1.0,1000000,1.0e6,0,0,0.0033325,0,0.0033325,0.0,200000,200000,416.2928679817906,157366.11659192826,158362.06877022653,9.65359477124183,7.895348837209302,179.08188380242032,180.44905370516335,532.5897462214367,665.8847401386132,hard,5.0,999998.657897436,1052.388260563194,1.0000007387025642e6,1051.9620746437636
25,3,0.005,1.0,10000000,1.0e7,0,0,0.000184,0,0.000184,0.0,200000,200000,4615.261324041812,156640.57068062827,161193.93349653203,36.43715846994535,35.741721854304636,3209.7818594954997,3243.1102761165657,3576.780165939515,3783.080765419957,hard,5.0,1.0000043184528206e7,3325.033382634131,1.000003478688718e7,3327.3678527733027
25,3,0.005,1.0,100000000,1.0e8,0,0,1.3925e-5,0,1.3925e-5,0.0,200000,200000,53334.572874493926,155604.71821442805,161153.2535439449,106.03349282296651,89.11242603550296,50881.72948362406,51578.51996010936,45565.608012505494,46407.71624122537,hard,5.0,1.0000070234925641e8,10521.910285553944,1.000006507318564e8,10499.116718657613
25,3,0.005,1.0,125892,125892.0,0,0,0.0726614876243129,0,0.0726614876243129,0.0,200000,200000,47.342666666666666,157698.4490872211,153552.3493397359,1.3212121212121213,1.5527638190954773,9.938323557201809,10.0892578746556,75.54823499091894,88.1832847028441,hard,5.0,125889.31972307693,373.0580033323951,125890.57775384616,372.91150222638873
25,3,0.005,1.0,12589254,1.2589254e7,0,0,0.00014039751680282246,0,0.00014039751680282246,0.0,200000,200000,6094.732177263969,156053.13422546635,164485.1431518152,44.90963855421687,52.46774193548387,4264.932885419421,4308.060359722971,4400.672785349015,4617.709232761607,hard,5.0,1.2589306874697436e7,3720.723045935507,1.258930193057436e7,3719.0408365783974
25,3,0.005,1.0,158489,158489.0,0,0,0.04779511511839939,0,0.04779511511839939,0.0,200000,200000,62.58690744920993,156315.21014782263,146510.21739130435,1.5911330049261083,1.8695652173913044,14.145961734141494,14.434675270268956,88.09057227601006,112.2797267400691,hard,5.0,158487.84464615386,417.93107967025895,158488.02982051283,416.4816466948085
25,3,0.005,1.0,15848931,1.5848931e7,0,0,0.00010694727612859188,0,0.00010694727612859188,0.0,200000,200000,7942.386980108499,154843.94539657235,161768.96524938676,57.33971291866029,52.16438356164384,5646.524076750205,5706.811697071277,5453.079706877664,5667.887322084291,hard,5.0,1.5848982406692307e7,4188.712402376762,1.5848987111579487e7,4186.066281979294
25,3,0.005,1.0,199526,199526.0,0,0,0.03268997524132193,0,0.03268997524132193,0.0,200000,200000,76.33458177278402,156110.86570164858,151071.48384523334,2.4598930481283423,2.792270531400966,19.80201895063693,20.24813891148812,103.27635339159494,140.41293124833138,hard,5.0,199524.70011794873,469.2179440591099,199524.52866153847,469.9882693941661
25,3,0.005,1.0,1995262,1.995262e6,0,0,0.0013532057444085037,0,0.0013532057444085037,0.0,200000,200000,863.3072196620584,153090.92783505155,158421.57415684682,13.373873873873874,9.801242236024844,437.86916524452107,440.5932716086291,968.9986946349014,1123.1931512731237,hard,5.0,1.995270695523077e6,1487.2990101654627,1.9952663929128204e6,1483.2812436311478
25,3,0.005,1.0,19952623,1.9952623e7,0,0,8.232000374086154e-5,0,8.232000374086154e-5,0.0,200000,200000,10164.87311827957,157901.98258404213,166839.51732673266,51.05917159763314,56.20161290322581,7372.296675372585,7453.378312866241,7093.979001917555,7368.164861204026,hard,5.0,1.99527252356359e7,4689.621793149335,1.9952755065015383e7,4691.761483830642
25,3,0.005,1.0,251188,251188.0,0,0,0.022811599280220394,0,0.022811599280220394,0.0,200000,200000,99.34186939820742,158609.77691995123,152182.35762915498,2.0434782608695654,2.030456852791878,27.53982012001784,28.183426199631633,122.67906255381394,175.1305680519408,hard,5.0,251189.3129025641,525.4183151246498,251187.8910102564,526.9390888627541
25,3,0.005,1.0,2511886,2.511886e6,0,0,0.0010062160464288587,0,0.0010062160464288587,0.0,200000,200000,1130.4870624048706,155876.40654016956,158229.38470873787,21.25423728813559,15.19767441860465,587.4786632778673,590.8707203043638,1159.7048934996014,1324.4936706973806,hard,5.0,2.511900082394872e6,1659.3292778784705,2.511897338625641e6,1664.6644295419508
25,3,0.005,1.0,25118864,2.5118864e7,0,0,6.290093373649382e-5,0,6.290093373649382e-5,0.0,200000,200000,13605.772466539196,157221.16924328724,162944.26623111474,75.07594936708861,55.966442953020135,9773.873837371224,9885.65478111792,9004.630809571781,9305.576774950401,hard,5.0,2.5118948990358975e7,5271.561467929099,2.5119007092641026e7,5254.498076342258
25,3,0.005,1.0,316227,316227.0,0,0,0.016206712266820987,0,0.016206712266820987,0.0,200000,200000,124.57671957671958,158305.78870377896,153009.28001595533,2.751552795031056,3.323671497584541,38.08529049000479,38.843224787754124,153.35159298034168,221.05194671810804,hard,5.0,316226.2258307692,588.974269756136,316225.4681282051,589.8326734587399
25,3,0.005,1.0,3162277,3.162277e6,0,0,0.0007526222402401814,0,0.0007526222402401814,0.0,200000,200000,1420.9814285714285,152052.90398406374,155345.80353555645,25.595238095238095,22.645502645502646,784.73903190185,790.2528407831772,1460.676583974122,1642.092004718219,hard,5.0,3.1622860780461538e6,1865.4617773388159,3.1622799150871793e6,1870.876928228282
25,3,0.005,1.0,31622776,3.1622776e7,0,0,4.8857190779202945e-5,0,4.8857190779202945e-5,0.0,200000,200000,15855.242424242424,158628.43504653987,163745.95630667766,75.71929824561404,63.642857142857146,12904.784081687987,13057.093755634829,11705.740080799098,12019.975718765632,hard,5.0,3.162289033706154e7,5909.730277528144,3.1622941408276923e7,5914.595416706459
25,3,0.005,1.0,398107,398107.0,0,0,0.011604920285249945,0,0.011604920285249945,0.0,200000,200000,167.78141361256544,157891.417752443,152591.8480861244,4.891025641025641,3.6201923076923075,52.47872849610428,53.45259611601585,197.6978622593833,278.16700407299203,hard,5.0,398108.42301025643,664.7716851307068,398107.7025846154,663.2819940270637
25,3,0.005,1.0,3981071,3.981071e6,0,0,0.0005645465755320617,0,0.0005645465755320617,0.0,200000,200000,1827.1236641221374,150688.03847679493,158605.85945072697,23.171945701357465,23.698863636363637,1045.165009751309,1054.1038575525922,1740.7373125215224,1915.7860773826624,hard,5.0,3.981075502230769e6,2099.8042699468892,3.9810833803692306e6,2094.360879145743
25,3,0.005,1.0,39810717,3.9810717e7,0,0,3.767829652502868e-5,0,3.767829652502868e-5,0.0,200000,200000,21536.325714285715,156050.39118236472,160981.35918367346,73.36410256410257,65.78666666666666,17044.677897982976,17251.82523698083,14948.632142439059,15308.92272097124,hard,5.0,3.981089316211795e7,6635.693732335009,3.9810921791825645e7,6620.619764616293
25,3,0.005,1.0,501187,501187.0,0,0,0.008449939842813161,0,0.008449939842813161,0.0,200000,200000,212.11968085106383,152569.22279792745,152412.9076,5.822966507177034,6.67,71.5668016532525,72.46873893952792,255.21441293961766,350.5676863667781,hard,5.0,501184.2857076923,742.3172117861061,501187.2747282051,742.9242449377871
25,3,0.005,1.0,5011872,5.011872e6,0,0,0.0004229956391543918,0,0.0004229956391543918,0.0,200000,200000,2274.9921383647797,153550.95078031212,158660.9479039479,26.939698492462313,20.94904458598726,1386.5928856986302,1397.898170723395,2023.22911088654,2211.646917076358,hard,5.0,5.011889695887179e6,2353.3946311459586,5.011881418846154e6,2351.2476849443105
25,3,0.005,1.0,50118723,5.0118723e7,0,0,2.9480000917022567e-5,0,2.9480000917022567e-5,0.0,200000,200000,28124.36561264822,159995.8442456283,161250.01552921944,99.0,68.3061224489796,22070.373263502686,22345.115854846284,19193.16796133215,19660.193470226845,hard,5.0,5.011898578406667e7,7438.7498997251105,5.0119022769266665e7,7440.476333047115
25,3,0.005,1.0,630957,630957.0,0,0,0.006181086825251166,0,0.006181086825251166,0.0,200000,200000,275.109634551495,158444.3433808554,160616.89253486463,5.47741935483871,5.311594202898551,97.25519545490165,98.34188920583483,329.802913710978,439.3409819690403,hard,5.0,630957.780651282,835.6115302730483,630962.9579641026,835.0933174610522
25,3,0.005,1.0,6309573,6.309573e6,0,0,0.00032054467077249123,0,0.00032054467077249123,0.0,200000,200000,3019.347687400319,157624.40088817116,158725.79222903887,34.0,40.51034482758621,1846.0926612442097,1863.721181990293,2476.4717943833275,2664.5971939596634,hard,5.0,6.309598567046154e6,2637.9222718116143,6.309605582702564e6,2641.4450458541855
25,3,0.005,1.0,63095734,6.3095734e7,0,0,2.2862084463586714e-5,0,2.2862084463586714e-5,0.0,200000,200000,35309.28893442623,154513.7854851644,162957.5913363302,108.8917525773196,73.8843537414966,29603.911175780733,29987.333552385207,26661.01631818758,27218.44385612116,hard,5.0,6.309611660630769e7,8355.373104298247,6.309613359600513e7,8345.393469122104
25,3,0.005,1.0,794328,794328.0,0,0,0.004538427450624931,0,0.004538427450624931,0.0,200000,200000,335.3426470588235,155517.47482883607,157539.5789687373,6.540983606557377,5.576687116564417,132.166783423795,133.184819182373,426.9810652576514,546.2689116916089,hard,5.0,794325.2220358974,935.9475833268314,794326.4819230769,935.4537533224964
25,3,0.005,1.0,7943282,7.943282e6,0,0,0.00024202842099776893,0,0.00024202842099776893,0.0,200000,200000,3925.8989547038327,155078.3814516129,162274.71609477125,32.727777777777774,34.972972972972975,2435.4093607212194,2458.582121330807,2926.1720039809743,3124.7774803105076,hard,5.0,7.943318349671795e6,2961.8798021987714,7.943309754569231e6,2962.1672597556376
25,3,0.005,1.0,79432823,7.9432823e7,0,0,1.7876740953799415e-5,0,1.7876740953799415e-5,0.0,200000,200000,42307.42916666667,157876.14354258295,162701.22367882016,91.31343283582089,82.69503546099291,38648.869138408576,39149.34834673892,33726.379501784206,34421.48877441386,hard,5.0,7.943330369334872e7,9377.160514772731,7.943329555201025e7,9352.468108760693
