L,d,J,Jprop,NX,NY,rR_random,rH_random,rR_hosthost,rH_phagephage,rH_phagehost,rH_3body,simulation_time,GenePersisentTime,mean_establish_size,persTimeHost,persTimePhage,gapTimeHost,gapTimePhage,theta_GH,theta_GP,theta_gH,theta_gP,constraint,soft_threshold,mean_host_N,std_host_N,mean_phage_N,std_phage_N
10,2,0.005,1.0,100000,100000.0,0,0,0.00011,0,0.00011,0.0,250000,250000,6392.902993148215,3074.9948960991615,3065.578434908042,858.7346182357302,815.782624633431,6472.995801736162,6697.807864842966,6423.582506516826,6802.5143401404,soft,5.0,94292.12419183673,25309.577254103486,95839.1052612245,26229.472455416013
10,2,0.005,1.0,1000000,1.0e6,0,0,8.0e-6,0,8.0e-6,0.0,250000,250000,98394.67191743618,3929.882415820417,4008.0874524714827,1154.6818181818182,1115.4304008908687,98878.52846415254,104472.90908195784,101061.50382353258,106910.92995415289,soft,5.0,973970.9276122449,334993.1463168694,997477.9818204081,349211.1040521188
10,2,0.005,1.0,10000000,1.0e7,0,0,5.0e-7,0,5.0e-7,0.0,250000,250000,1.7941110747767857e6,3603.535010940919,3444.641025641026,1928.860759493671,1874.6584507042253,1.4153873663238615e6,1.3706201913656874e6,1.4780348225527746e6,1.4370372599089164e6,soft,5.0,9.941053525538776e6,4.0507130037768753e6,1.0142334788159184e7,4.093635416368811e6
10,2,0.005,1.0,100000000,1.0e8,0,0,2.0e-8,0,2.0e-8,0.0,250000,250000,3.8282394114754096e7,78910.33333333333,83281.0989010989,4011.8541666666665,3802.413043478261,3.773153166424793e6,4.636106426713888e6,4.021859746964769e6,4.933229606388605e6,soft,5.0,9.944513841438776e7,2.05348420186239e7,1.0045345934056735e8,2.2858733805279184e7
10,2,0.005,1.0,125892,125892.0,0,0,8.737648142852604e-5,0,8.737648142852604e-5,0.0,250000,250000,8208.068925233645,3306.3837298541825,3390.1592679127725,814.4006247559547,787.5441934205311,8175.6590984795075,8480.69373730402,8326.74891872011,8827.68176345946,soft,5.0,120645.73437959184,32998.097484576836,122265.79844081633,34253.82436960017
10,2,0.005,1.0,1258925,1.258925e6,0,0,3.971642472744604e-6,0,3.971642472744604e-6,0.0,250000,139171,213771.22316043425,3003.008423586041,3077.4156626506024,2143.812977099237,2134.9668789808916,189014.95801455597,219910.04173032776,200162.24281032468,231055.7710557106,soft,5.0,1.1456090275991086e6,550677.4614292533,1.1867532302434952e6,594531.7020257685
10,2,0.005,1.0,12589254,1.2589254e7,0,0,3.97164121082949e-7,0,3.97164121082949e-7,0.0,250000,228740,1.9888808818342153e6,7080.132879045997,7235.805555555556,2022.1033210332102,2021.1242937853108,1.46425233277349e6,1.0921325628017038e6,1.7462253046173616e6,1.240700867348861e6,soft,5.0,1.2523059305349959e7,6.886337447824549e6,1.2026500183927773e7,4.734477987246429e6
10,2,0.005,1.0,158489,158489.0,0,0,5.0476689233953143e-5,0,5.0476689233953143e-5,0.0,250000,51347,16079.807881773399,2766.4834605597966,2750.0591133004928,1383.4597701149426,1337.9168975069251,18390.40173120282,21769.893400307858,22265.39942969537,25932.414152770576,soft,5.0,127409.6898828403,72223.66908550225,130262.97179968498,77308.50506347288
10,2,0.005,1.0,1584893,1.584893e6,0,0,4.416701947702463e-6,0,4.416701947702463e-6,0.0,250000,250000,186972.89133016628,3475.585507246377,3601.7986935866984,1415.7547619047618,1399.4667480170835,173860.73130471588,185514.64099400383,179887.5461416734,192176.52144816233,soft,5.0,1.5310273566693878e6,547221.398419712,1.5694899385714286e6,573827.1182792484
10,2,0.005,1.0,15848931,1.5848931e7,0,0,2.5238295251585106e-7,0,2.5238295251585106e-7,0.0,250000,250000,3.3616933059273423e6,6910.303538175047,7068.715630885123,2722.6951219512193,2718.246913580247,1.416607711813406e6,1.6834273997169805e6,1.4615415077531552e6,1.7271173436975009e6,soft,5.0,1.533717834597551e7,5.229679645521414e6,1.5677502765791837e7,5.7470359184058e6
10,2,0.005,1.0,199526,199526.0,0,0,4.00950252097471e-5,0,4.00950252097471e-5,0.0,250000,123193,19005.401746724892,2815.047146401985,3036.3379912663754,1174.520618556701,1173.4654545454546,18985.805014748585,19923.123346902248,20118.548966304475,21208.92904537994,soft,5.0,180825.19683906832,69392.96775640699,185421.2420786341,72028.25934612995
10,2,0.005,1.0,1995262,1.995262e6,0,0,3.508311189207232e-6,0,3.508311189207232e-6,0.0,250000,250000,222271.94019292603,3852.947301587302,3923.503536977492,1450.8771241830066,1408.9152317880794,209247.185572656,223108.21212792126,217888.70331354107,232184.97761374342,soft,5.0,1.9117960175632653e6,684486.1769267882,1.9592714173142856e6,715772.4318331764
10,2,0.005,1.0,19952623,1.9952623e7,0,0,2.505936186936424e-7,0,2.505936186936424e-7,0.0,250000,250000,2.7206655778688523e6,7942.034,8112.370221327968,1998.7252747252746,1960.1504424778761,1.258412519364128e6,1.3719843469076725e6,1.302014401945767e6,1.4162749205257134e6,soft,5.0,1.931019832186939e7,5.165018341214992e6,1.9602549378163267e7,5.400418958515771e6
10,2,0.005,1.0,251188,251188.0,0,0,3.184865519053458e-5,0,3.184865519053458e-5,0.0,250000,160812,23476.69861111111,3265.393543956044,3360.479861111111,1169.2551381998583,1139.3139784946236,23601.835402554618,25188.560733357375,24624.47158339799,26349.482591078206,soft,5.0,232321.98426950426,88232.40642461735,237103.43223243396,91969.31868176162
10,2,0.005,1.0,2511886,2.511886e6,0,0,2.7867506726021802e-6,0,2.7867506726021802e-6,0.0,250000,250000,304207.86477115116,3640.36925188744,3801.0492371705964,1379.9964589235128,1341.5246957766642,272722.71337506385,298196.8016800116,290000.2971700792,318223.6449365475,soft,5.0,2.4613439189387755e6,953545.7392438755,2.5221999359591836e6,1.0145282462607819e6
10,2,0.005,1.0,25118864,2.5118864e7,0,0,1.592428702189717e-7,0,1.592428702189717e-7,0.0,250000,250000,4.554743567164179e6,7631.84578313253,7807.308068459658,2612.7918918918917,2584.980769230769,1.7740271372754467e6,2.0164719027186295e6,1.8207702113808307e6,2.064655467312802e6,soft,5.0,2.4377375355640817e7,6.582662383611779e6,2.4779150678302042e7,7.0479324175338e6
10,2,0.005,1.0,316227,316227.0,0,0,2.5298282562842516e-5,0,2.5298282562842516e-5,0.0,250000,250000,30085.49955357143,3398.55864465682,3535.69375,1134.064687638458,1099.7776765375854,30070.748483919753,32067.367282795836,29906.226070660134,32071.471672116262,soft,5.0,304975.4287428571,100788.00114254815,312160.00835510204,105523.57733027294
10,2,0.005,1.0,3162277,3.162277e6,0,0,2.2135948242358277e-6,0,2.2135948242358277e-6,0.0,250000,250000,359261.0929596719,3568.074784910655,3772.405331510595,1379.663028649386,1323.7630465444288,340265.8146648129,364448.1513476425,348936.23867536715,374633.58910738945,soft,5.0,3.0768048823836735e6,1.119186083330868e6,3.156190354036735e6,1.1781909061776618e6
10,2,0.005,1.0,31622776,3.1622776e7,0,0,6.32455544067352e-8,0,6.32455544067352e-8,0.0,250000,216564,1.1391504666666666e7,64067.9898989899,56649.94059405941,4350.87037037037,4483.0,1.1294586863314016e7,1.3627439897300322e6,1.0853200319771467e7,1.6382652158027524e6,soft,5.0,3.275328608030194e7,1.929354879279814e7,2.99474271301781e7,9.255069901193129e6
10,2,0.005,1.0,398107,398107.0,0,0,1.7583212553409007e-5,0,1.7583212553409007e-5,0.0,250000,250000,45402.07881548975,3149.393143365984,3275.949430523918,1400.4911403907315,1381.7293023255813,44916.558327711,47817.698415944134,45776.541954447,48994.26952273226,soft,5.0,377922.8951632653,144807.19497567086,387627.26084489794,152263.97597453176
10,2,0.005,1.0,3981071,3.981071e6,0,0,1.2559434383360658e-6,0,1.2559434383360658e-6,0.0,250000,195404,682640.562268804,3492.412887828162,3596.8399014778324,1936.2711223203025,1907.5762711864406,1.095502205929381e6,609649.5343051939,1.2003253114095654e6,667498.6874314949,soft,5.0,4.0405730229354426e6,2.581562008529727e6,3.834918887197748e6,1.8436723730512175e6
10,2,0.005,1.0,39810717,3.9810717e7,0,0,5.0237728700038236e-8,0,5.0237728700038236e-8,0.0,250000,215896,1.2435473851851853e7,83145.96385542168,81782.20689655172,5179.8421052631575,5260.0,5.761252196531863e6,1.3383790545220498e6,6.537593203000924e6,1.5512427188168147e6,soft,5.0,4.0339551204683825e7,2.115966489465204e7,3.77401544251432e7,1.0337042224217232e7
10,2,0.005,1.0,501187,501187.0,0,0,1.596210596044989e-5,0,1.596210596044989e-5,0.0,250000,250000,46776.46784810127,3661.079646017699,3804.904810126582,1191.8863750628457,1173.1155440414507,45320.084235029884,47588.71688422727,44572.60255624469,46983.622190729504,soft,5.0,477455.58916734695,149860.96821976922,487907.5060612245,155786.14815262944
10,2,0.005,1.0,5011872,5.011872e6,0,0,1.3966837141890295e-6,0,1.3966837141890295e-6,0.0,250000,250000,627246.6063122924,3821.0164473684213,3882.3363787375415,1551.0964987190437,1489.950819672131,532183.8899417894,590867.2967562806,549483.1498061455,610353.8125874507,soft,5.0,4.8685280744653065e6,1.6730232375258445e6,4.9947017983306125e6,1.7921712233395264e6
10,2,0.005,1.0,50118723,5.0118723e7,0,0,3.9905246588186215e-8,0,3.9905246588186215e-8,0.0,250000,231459,1.5542713597222222e7,64898.01063829787,62288.76530612245,4783.285714285715,5029.358490566037,1.1251508789618278e7,1.9686098922194142e6,1.496010096363088e7,2.367089735609379e6,soft,5.0,5.128308190471564e7,2.8155558693129983e7,4.758789303141408e7,1.3747719182919487e7
10,2,0.005,1.0,630957,630957.0,0,0,7.924470288783547e-6,0,7.924470288783547e-6,0.0,250000,45072,83210.93063583814,4961.877192982456,4326.877777777778,1707.2619047619048,1702.414814814815,53029.312243936576,56363.372121275745,66805.17945433281,70521.20381426332,soft,5.0,523709.4773158315,246672.1735557012,533850.6581902575,255178.4392460297
10,2,0.005,1.0,6309573,6.309573e6,0,0,7.924466520951577e-7,0,7.924466520951577e-7,0.0,250000,220720,1.1906011986754967e6,4068.720626631854,3897.4874504623513,2035.6421636615812,2022.198033707865,1.5306783870538631e6,888678.0077071366,1.7025951326289782e6,981238.8901353045,soft,5.0,6.311449177679399e6,3.6268654055038295e6,6.183102706299833e6,3.009390479263676e6
10,2,0.005,1.0,63095734,6.3095734e7,0,0,6.339572814859401e-8,0,6.339572814859401e-8,0.0,250000,250000,1.1549816018867925e7,49965.084615384614,48246.78461538462,2131.8470588235296,2307.0470588235294,2.0000954413032422e6,2.1452347407409297e6,1.9456745243874833e6,2.081152859242986e6,soft,5.0,6.231606789818367e7,1.1185834010226607e7,6.279864868127347e7,1.1577043716643203e7
10,2,0.005,1.0,794328,794328.0,0,0,6.294628919035965e-6,0,6.294628919035965e-6,0.0,250000,116700,133097.00998573465,3058.1591895803185,3050.185185185185,2195.315789473684,2159.488584474886,111284.77234261068,121580.6331343789,124685.33156727227,135255.19795884928,soft,5.0,711538.4809489704,368319.53298313526,732577.584789615,385691.5947041767
10,2,0.005,1.0,7943282,7.943282e6,0,0,6.294627334142235e-7,0,6.294627334142235e-7,0.0,250000,228343,1.3369668961892247e6,3831.9150326797385,3894.6041939711663,1889.6458333333333,1869.0807799442896,769262.2203937435,866124.3592976124,837116.7495244789,938160.987021343,soft,5.0,7.649079589864021e6,2.945123642622127e6,7.833366052224605e6,3.1465606922629257e6
10,2,0.005,1.0,79432823,7.9432823e7,0,0,2.5178508385632977e-8,0,2.5178508385632977e-8,0.0,250000,250000,2.54568253125e7,86490.6091954023,78480.83870967742,3836.5238095238096,3768.1666666666665,1.1092601168260925e7,2.819340677486263e6,1.1844932453157578e7,2.9605970552962115e6,soft,5.0,8.083369224569388e7,3.1289685429679733e7,7.837016283745715e7,1.6985360935762104e7
15,2,0.005,1.0,100000,100000.0,0,0,0.000165,0,0.000165,0.0,250000,45293,3865.9435897435897,1903.1023622047244,1875.4799316823228,1168.0857418111752,1144.6575984990618,3950.3869562473938,4134.24576669779,5305.356008723723,5699.09122523778,soft,5.0,80018.76244012608,35216.637931611906,82368.05343359889,36717.748414902584
15,2,0.005,1.0,1000000,1.0e6,0,0,7.5e-6,0,7.5e-6,0.0,250000,52600,82177.30622009569,2577.8828382838283,2617.4525316455697,2602.425149700599,2566.7628083491463,63156.154690520605,70339.33424500427,77369.64673806775,84735.54002316622,soft,5.0,798065.7672268908,368876.5046273298,829197.5361764706,386837.8837924761
15,2,0.005,1.0,10000000,1.0e7,0,0,7.5e-7,0,7.5e-7,0.0,250000,250000,979258.2923479398,3016.8390614672835,3057.933616742969,2522.4036288942143,2451.2451743989163,849561.8805140398,1.0957501911802501e6,986545.5517368704,1.2537223897348945e6,soft,5.0,9.782637901971428e6,3.9733566770209065e6,1.0260813524461225e7,4.589900471701242e6
15,2,0.005,1.0,100000000,1.0e8,0,0,3.0e-8,0,3.0e-8,0.0,250000,240395,2.4231094672897197e7,23866.267080745343,16533.57771260997,5175.995391705069,5041.779661016949,2.372213479474338e7,5.87939110819322e6,2.4838874738014963e7,6.910733660450057e6,soft,5.0,1.0237503639901018e8,5.403134440423079e7,9.789250227935173e7,3.629331401444918e7
15,2,0.005,1.0,125892,125892.0,0,0,0.00015489467162329616,0,0.00015489467162329616,0.0,250000,250000,4106.299835671849,2225.577755536094,2262.074298711145,950.0926724137931,944.7291586630811,4024.9630853216263,4195.915721814362,4097.340187713035,4443.231867149403,soft,5.0,119003.43179183673,23653.662846804746,120900.26094693878,24533.53545130843
15,2,0.005,1.0,1258925,1.258925e6,0,0,8.340449192763667e-6,0,8.340449192763667e-6,0.0,250000,250000,78203.33133578194,2779.1621206300424,2839.826792963464,1791.0303861987845,1768.5120363062351,79138.983265925,86215.69256988111,81992.28260599593,89090.37788211612,soft,5.0,1.1874349948530612e6,341519.67495809967,1.2281818320081632e6,363868.7218044687
15,2,0.005,1.0,12589254,1.2589254e7,0,0,5.957461816244235e-7,0,5.957461816244235e-7,0.0,250000,250000,1.155305407017544e6,3342.1883217324053,3419.4155642023347,2535.4018540910924,2519.137931034483,799482.0493704167,931209.1047938374,863117.6031186498,999810.4210247812,soft,5.0,1.216368229182857e7,3.7486583132264772e6,1.259815001867347e7,4.121654100514234e6
15,2,0.005,1.0,158489,158489.0,0,0,0.00010410817154502836,0,0.00010410817154502836,0.0,250000,250000,6113.342541436464,2179.4257386736704,2209.5920810313078,1150.4744340878829,1129.2686407896492,6146.282459638542,6453.545593952331,6168.864851990744,6656.028670276055,soft,5.0,148725.3224489796,31776.57526802744,151658.97593877552,33329.81583567132
15,2,0.005,1.0,1584893,1.584893e6,0,0,6.6250529215536945e-6,0,6.6250529215536945e-6,0.0,250000,250000,97851.06242248863,2916.4052674561044,2986.8794956593633,1732.6795326517838,1717.5782801605746,93410.47236960099,100624.50908830027,95311.69236513863,102505.70333380802,soft,5.0,1.5139437805632653e6,414373.7429955333,1.5616838356938777e6,436961.76581909414
15,2,0.005,1.0,15848931,1.5848931e7,0,0,4.7321803596722075e-7,0,4.7321803596722075e-7,0.0,250000,250000,1.4408255627298732e6,3187.646914589293,3255.981625153124,2595.615286080273,2569.515784982935,1.0259436625815316e6,1.3159327391436717e6,1.1029325627490792e6,1.3973336771086508e6,soft,5.0,1.523168557542449e7,4.566941468451211e6,1.5815875885685714e7,5.205978844620885e6
15,2,0.005,1.0,199526,199526.0,0,0,7.517817226827582e-5,0,7.517817226827582e-5,0.0,250000,250000,8544.550897363993,2257.7328881469116,2302.5284632641615,1266.6097698715234,1251.1008965419098,8517.626380935131,8981.986466724757,8479.539746539414,9156.863500850079,soft,5.0,187606.5146244898,42036.34811145902,191707.20343265307,44424.70301028119
15,2,0.005,1.0,1995262,1.995262e6,0,0,3.7589048455791772e-6,0,3.7589048455791772e-6,0.0,250000,107487,183549.9424964937,2573.2727272727275,2598.6122019635345,2630.001547987616,2568.30052990159,147577.97226519702,168048.58942597016,169451.60163480628,190963.48881716607,soft,5.0,1.7689423243533326e6,734318.8480463515,1.845432759149941e6,791376.4483765322
15,2,0.005,1.0,251188,251188.0,0,0,6.568785133047757e-5,0,6.568785133047757e-5,0.0,250000,250000,9681.796649004726,2524.9050823192556,2560.955749677789,1087.6100290697675,1055.1426286711253,9699.29558231576,10172.062074852856,9627.657603053678,10290.29389379965,soft,5.0,241036.2797877551,51548.62815787985,245878.88368163267,53941.775782772
15,2,0.005,1.0,2511886,2.511886e6,0,0,2.9858042920737645e-6,0,2.9858042920737645e-6,0.0,250000,120717,239081.7306441119,2679.16699669967,2729.713263979194,2810.8063829787234,2769.295184926727,202661.31713432874,246457.41265438477,242935.43083640953,290516.4511476584,soft,5.0,2.207854787870408e6,947798.4857964175,2.3071622746268916e6,1.0384778203366392e6
15,2,0.005,1.0,25118864,2.5118864e7,0,0,2.985803816605719e-7,0,2.985803816605719e-7,0.0,250000,250000,2.296349453776776e6,3991.814584511023,4130.4202247191015,2466.435096153846,2405.4997014925375,1.2728765922201353e6,1.5913269923102967e6,1.4143055015330163e6,1.7493797252182548e6,soft,5.0,2.462621354090204e7,6.912594894076901e6,2.530813931754286e7,7.763514697133773e6
15,2,0.005,1.0,316227,316227.0,0,0,4.743427980532972e-5,0,4.743427980532972e-5,0.0,250000,250000,13361.130134886573,2590.4309476575613,2625.7665542611894,1247.086228287841,1228.5176818819132,13447.247390217988,14147.645840341533,13389.414294227603,14249.856612555439,soft,5.0,297507.31172244897,68951.9639469755,304785.21580408164,72250.90285934097
15,2,0.005,1.0,3162277,3.162277e6,0,0,2.3717087402526725e-6,0,2.3717087402526725e-6,0.0,250000,137543,289562.7131736527,2693.9713763702803,2739.563135846798,2702.6642810670137,2651.721583652618,220028.90420412243,255712.65282281404,243971.93158068653,282773.8296288732,soft,5.0,2.830983471801604e6,1.0670476243985884e6,2.9479738757761633e6,1.162331835771231e6
15,2,0.005,1.0,31622776,3.1622776e7,0,0,1.8973666322020559e-7,0,1.8973666322020559e-7,0.0,250000,250000,3.533976079942898e6,4323.3288159771755,4515.543971631206,3293.7733230532,3271.080459770115,1.8124741121931153e6,2.1983900354482676e6,1.969309450947076e6,2.3785074077202035e6,soft,5.0,3.034345962295102e7,9.267711890047036e6,3.117301029530204e7,1.0134195417976469e7
15,2,0.005,1.0,398107,398107.0,0,0,3.01426500915583e-5,0,3.01426500915583e-5,0.0,250000,45989,19834.093049327355,2276.3540022547913,2372.2466367713005,1452.814578005115,1429.5730622617534,19821.97297247899,20777.626064570137,26777.323509978738,28063.10092355895,soft,5.0,321821.2185220425,156222.10983890542,331145.6196296567,161387.31019764813
15,2,0.005,1.0,3981071,3.981071e6,0,0,1.8839151575040989e-6,0,1.8839151575040989e-6,0.0,250000,210286,367561.47113780444,2707.808338937458,2751.8114781448116,2559.4311606831648,2499.103734439834,320028.35230550607,375597.3479665364,376006.94918941415,437036.0019610714,soft,5.0,3.698841955564432e6,1.524333821269989e6,3.8655301567861424e6,1.6706852975747297e6
15,2,0.005,1.0,39810717,3.9810717e7,0,0,7.535659305005735e-8,0,7.535659305005735e-8,0.0,250000,191699,8.809430253125e6,24045.91515151515,20042.25495750708,5598.36,5793.782258064516,7.604276402871714e6,2.2594822963226833e6,7.183211194005266e6,2.6857086217416986e6,soft,5.0,4.072327823429156e7,2.4612316697432466e7,3.789052050315213e7,1.4203932268009614e7
15,2,0.005,1.0,501187,501187.0,0,0,2.3943158940674838e-5,0,2.3943158940674838e-5,0.0,250000,250000,26734.57898237446,2577.2047872340427,2613.2269704023943,1545.1263745559127,1516.2983584362837,26651.767340984217,28388.899371188036,26562.84418401805,28387.932131610392,soft,5.0,474090.52628979593,118171.55623651981,487140.72040816327,124181.30831654796
15,2,0.005,1.0,5011872,5.011872e6,0,0,1.4964468366311031e-6,0,1.4964468366311031e-6,0.0,250000,168583,437450.3203285421,3168.917101147028,3129.4943647540986,2520.6105901820188,2486.221440173254,305464.23183682386,340172.17200546106,340056.8798536388,375604.64434061426,soft,5.0,4.611262669073192e6,1.4862465552801958e6,4.767514622839781e6,1.5764101752849543e6
15,2,0.005,1.0,630957,630957.0,0,0,1.6641387606445447e-5,0,1.6641387606445447e-5,0.0,250000,250000,38769.242960864176,2542.4133823787,2603.108376128918,1789.4063169164883,1771.0312161674485,39030.546142565756,42388.0341136429,39641.50797055639,43359.52082889264,soft,5.0,589244.4108693878,166247.1513250167,609596.9823877551,177538.36081137395
15,2,0.005,1.0,6309573,6.309573e6,0,0,1.1886699781427364e-6,0,1.1886699781427364e-6,0.0,250000,112126,523557.5292712067,4643.804819277108,4609.089201877934,2525.268965517241,2543.571619812584,268085.06236860616,296812.12053700513,308061.96392861434,336980.88327204995,soft,5.0,5.739442336024868e6,1.8722521580522065e6,5.880067523869089e6,1.9592573124953655e6
15,2,0.005,1.0,63095734,6.3095734e7,0,0,9.509359222289101e-8,0,9.509359222289101e-8,0.0,250000,250000,6.393791535038932e6,8263.450657894737,8025.627044711015,3087.6666666666665,2980.002463054187,2.1745000478547025e6,2.648331375005186e6,2.3658716363649145e6,2.8913897169620004e6,soft,5.0,6.13252518308898e7,1.3487836709225e7,6.251609534703265e7,1.4999669201446146e7
15,2,0.005,1.0,794328,794328.0,0,0,1.8883886757107897e-5,0,1.8883886757107897e-5,0.0,250000,250000,33678.7422365823,3114.838732394366,3208.9520732364026,1181.036591928251,1168.8596780095133,34099.69939438484,35850.90481090521,33745.997839696945,35672.10677556278,soft,5.0,765608.2881346939,167726.15944946682,782773.857844898,174904.05708523255
15,2,0.005,1.0,7943282,7.943282e6,0,0,9.441941001213352e-7,0,9.441941001213352e-7,0.0,250000,153038,684073.2570212766,3283.560913705584,3190.6027164685906,2666.1792014856082,2640.0689655172414,832699.9078774018,438407.5440801076,1.15620202930465e6,528387.9479271517,soft,5.0,7.806026468487821e6,4.935608711788743e6,7.274871104932518e6,2.742454816418317e6
15,2,0.005,1.0,79432823,7.9432823e7,0,0,3.776776257844947e-8,0,3.776776257844947e-8,0.0,250000,241860,1.79047012875e7,22664.338129496402,21318.54147465438,6529.9391025641025,6517.866261398176,1.0186864942834426e7,6.311400196224116e6,9.934870520809986e6,6.55869058134572e6,soft,5.0,7.942624869848011e7,4.321020610774658e7,7.601256077984463e7,2.8012402522555023e7
20,2,0.005,1.0,100000,100000.0,0,0,0.00032,0,0.00032,0.0,250000,250000,1918.2238546968995,1605.304871720957,1606.4906860778358,1053.847099970854,1037.8731529234512,1859.9855806653625,1940.956049932091,2041.8021709477553,2301.3296051714233,soft,5.0,93021.52965714286,15130.549127855698,94626.48619591836,16080.329117615727
20,2,0.005,1.0,1000000,1.0e6,0,0,1.4e-5,0,1.4e-5,0.0,250000,250000,42700.35244332494,2297.3475313638205,2309.8728463476073,2242.5870641634,2212.7649717514123,42537.325822812214,47042.2217300617,43573.73261655794,48044.930491977735,soft,5.0,921501.8911918367,231365.4519900349,961922.4240367347,248900.1793452856
20,2,0.005,1.0,10000000,1.0e7,0,0,1.0e-6,0,1.0e-6,0.0,250000,250000,605637.5489376524,2758.1457567804023,2787.9798014974754,3199.8553846153845,3155.1836844948675,495147.9468649529,589685.4856020514,550029.3820471677,645856.5718365047,soft,5.0,9.283279720330613e6,2.6784799971116674e6,9.768723971440816e6,2.9722907331661973e6
20,2,0.005,1.0,125892,125892.0,0,0,0.00022241286181806628,0,0.00022241286181806628,0.0,250000,146485,2776.772651657979,1655.8762681958535,1673.56236178682,1178.2708943455734,1171.8215495821098,2709.791212363351,2843.9497049789015,3205.059847288595,3517.957698425607,soft,5.0,113090.52107290525,29448.66125765147,116004.35164151677,30680.056955932574
20,2,0.005,1.0,1258925,1.258925e6,0,0,1.112059892368489e-5,0,1.112059892368489e-5,0.0,250000,250000,54611.225739491434,2349.103956315681,2402.387545407369,2251.301912568306,2244.0249867654843,54620.40533855257,60746.59376465357,56494.92715474113,62724.691977633905,soft,5.0,1.1642292529469389e6,278082.92142566334,1.2153998076612244e6,300816.4135978101
20,2,0.005,1.0,12589254,1.2589254e7,0,0,7.94328242165898e-7,0,7.94328242165898e-7,0.0,250000,250000,772502.2919150521,2700.876488095238,2717.5428464977645,3227.9936367142304,3208.4507531865584,597251.5203800419,714257.5850042782,669821.1291983626,791035.6844042413,soft,5.0,1.1701185525457144e7,3.362731295398546e6,1.2285947612155102e7,3.746193398847235e6
20,2,0.005,1.0,158489,158489.0,0,0,0.000176668412318836,0,0.000176668412318836,0.0,250000,43074,3447.8701359587435,1777.5004812319537,1775.7329279700655,1106.635593220339,1073.3844969199179,3479.5247412408667,3627.2215570711155,5679.6783793244595,6024.13438310549,soft,5.0,130614.41406208962,57392.25546218932,133290.9042391133,58862.23113371419
20,2,0.005,1.0,1584893,1.584893e6,0,0,6.309574211003519e-6,0,6.309574211003519e-6,0.0,250000,56712,98420.00590405904,2173.68909512761,2116.4922509225094,3108.0661831368993,3066.116738197425,84695.32195808404,98925.30252771529,103760.15429982603,118536.18820903994,soft,5.0,1.3092968430344989e6,597215.4409320127,1.3794342022547957e6,644244.9771470062
20,2,0.005,1.0,15848931,1.5848931e7,0,0,6.309573812896276e-7,0,6.309573812896276e-7,0.0,250000,250000,969734.0021429963,2752.125557927421,2827.7810673938448,3155.5003022365504,3139.2688106796118,737573.8517255783,909967.0395451047,825125.6378962584,1.0007732497151232e6,soft,5.0,1.4905693782465307e7,4.358757361124686e6,1.5641655456440816e7,4.975775121930151e6
20,2,0.005,1.0,199526,199526.0,0,0,0.00011026131932680452,0,0.00011026131932680452,0.0,250000,250000,5428.023391402079,1799.448821667253,1813.066793088917,1441.0567557932263,1420.7816771070616,5371.846988802136,5706.0992079245425,5386.123602996068,5884.119074632448,soft,5.0,185993.3007265306,34270.291106296434,191076.9511142857,36056.85759048604
20,2,0.005,1.0,1995262,1.995262e6,0,0,7.016622378414464e-6,0,7.016622378414464e-6,0.0,250000,250000,88294.00054902822,2503.3411046955007,2558.9940704952232,2213.4789186783846,2208.965459235169,86746.81249200912,96309.00858686115,92553.00753297185,102096.62061743441,soft,5.0,1.8805899980571428e6,497804.36242215714,1.9650499566285715e6,536548.850259002
20,2,0.005,1.0,19952623,1.9952623e7,0,0,5.011872373872848e-7,0,5.011872373872848e-7,0.0,250000,211540,1.1727543911327058e6,3159.5267034990793,3206.154592300697,3129.574967405476,3100.085236410421,705003.2199667909,827246.2981582377,818203.8798407568,944674.491134917,soft,5.0,1.838308478536845e7,5.168135244077841e6,1.9067142204076692e7,5.543030050761408e6
20,2,0.005,1.0,251188,251188.0,0,0,0.00010350812936923738,0,0.00010350812936923738,0.0,250000,250000,5702.846289752651,2063.96626370537,2088.144997173544,1167.6656931186778,1162.8329035954735,5629.965647237443,5916.226256824866,5538.951476075481,5979.702990156393,soft,5.0,238567.55983265306,39238.31829761893,243351.1985632653,41195.91768266395
20,2,0.005,1.0,2511886,2.511886e6,0,0,5.5735013452043605e-6,0,5.5735013452043605e-6,0.0,250000,250000,108997.70519000111,2539.8623689493643,2592.1600717408364,2188.13274840474,2177.106173405108,107035.31307858464,118973.00284114602,113812.3376539922,125868.94232867626,soft,5.0,2.368884256755102e6,597351.3555730082,2.4727455835755104e6,644635.3845896616
20,2,0.005,1.0,25118864,2.5118864e7,0,0,3.981071755474292e-7,0,3.981071755474292e-7,0.0,250000,250000,1.5309139204929918e6,3017.434719183078,3002.816425120773,3173.2008666836605,3129.7045569620254,1.0023371803637332e6,1.2560093121807545e6,1.1166468807685294e6,1.3748319372937088e6,soft,5.0,2.3747107508146938e7,6.106839289089496e6,2.475662287125714e7,6.826751022929993e6
20,2,0.005,1.0,316227,316227.0,0,0,6.957027704781691e-5,0,6.957027704781691e-5,0.0,250000,20475,8633.531578947368,1890.0091074681238,1856.6276223776224,1136.3621169916435,1090.5916230366493,8833.877990171844,9304.348862965007,17903.07296416033,18744.151786099337,soft,5.0,205278.38539579968,149482.83967664113,212822.32969305333,155317.52802898816
20,2,0.005,1.0,3162277,3.162277e6,0,0,3.1622783203368967e-6,0,3.1622783203368967e-6,0.0,250000,64030,179549.1188118812,3059.4396632366697,2857.175,2988.6996587030717,2984.7043010752686,116062.10027898902,139714.78696408123,143885.0491387815,166470.4293436568,soft,5.0,2.678164355852956e6,1.0752426748911743e6,2.785100160782653e6,1.1407122661507996e6
20,2,0.005,1.0,31622776,3.1622776e7,0,0,3.16227772033676e-7,0,3.16227772033676e-7,0.0,250000,250000,1.9155698291484716e6,3362.182906913446,3401.1160130718954,3277.1300229621124,3245.929350947731,1.1225914902960581e6,1.3354513362120828e6,1.2338222056354624e6,1.4543022852555015e6,soft,5.0,2.98734257184e7,7.503066073239154e6,3.099694781850612e7,8.261938155349424e6
20,2,0.005,1.0,398107,398107.0,0,0,4.0190200122077736e-5,0,4.0190200122077736e-5,0.0,250000,120236,14883.294251565168,1939.300170875261,1952.2813507873268,1958.2355721883002,1943.717772092108,14965.56237339266,16312.103163868374,16273.655879038719,17758.733090647165,soft,5.0,349900.88376028324,108463.8280712796,362986.9100628276,114551.33960774301
20,2,0.005,1.0,3981071,3.981071e6,0,0,2.5118868766721315e-6,0,2.5118868766721315e-6,0.0,250000,250000,254528.1704512791,2523.0634807417973,2591.8998275366484,3198.9548387096775,3189.836731678487,236239.35619465032,292056.1691864492,265676.8124730819,323812.4016723906,soft,5.0,3.700460522134694e6,1.326931366787726e6,3.9365548889020407e6,1.5095441268603513e6
20,2,0.005,1.0,39810717,3.9810717e7,0,0,2.0095091480015295e-7,0,2.0095091480015295e-7,0.0,250000,250000,3.0488473558754604e6,3223.533087000336,3344.009355162045,4079.550771438823,4005.7095968605067,1.602274557347776e6,2.1270927800611127e6,1.755968501549594e6,2.2704933021292565e6,soft,5.0,3.7556134212302044e7,1.036546808927617e7,3.921692963799184e7,1.1926308697967684e7
20,2,0.005,1.0,501187,501187.0,0,0,3.192421192089978e-5,0,3.192421192089978e-5,0.0,250000,66145,18928.276249515693,2057.7891236306727,2072.283611003487,1912.4619611158073,1912.5152655792556,18466.414156442388,19980.032336224867,21855.14575673132,23687.363394526095,soft,5.0,430662.79842996155,157132.496881875,446817.55579360534,165004.89936682428
20,2,0.005,1.0,5011872,5.011872e6,0,0,1.995262448841471e-6,0,1.995262448841471e-6,0.0,250000,92277,282769.91203420894,2968.3730505302556,2908.840218712029,2782.477707006369,2819.146978021978,174789.75602383155,197125.5272145567,204243.5977687319,226396.41294328333,soft,5.0,4.485088023087411e6,1.491027245568039e6,4.640157688337133e6,1.5731495510266952e6
20,2,0.005,1.0,50118723,5.0118723e7,0,0,1.9952623294093108e-7,0,1.9952623294093108e-7,0.0,250000,250000,2.9439807365951743e6,4047.4771285475795,3971.9329105473967,3078.6135472370765,3070.320028510335,1.476175877187938e6,1.7327099143878445e6,1.6000797958852416e6,1.8648349855415127e6,soft,5.0,4.8236758024036735e7,1.0131688193612097e7,4.971596548319184e7,1.1025224393740388e7
20,2,0.005,1.0,630957,630957.0,0,0,2.5358304924107347e-5,0,2.5358304924107347e-5,0.0,250000,250000,23685.681581114466,2154.5975175686776,2185.9067618263334,2007.7900993777282,1991.9423596238012,23714.474534954927,25810.439485540635,24140.43741580179,26302.579768052332,soft,5.0,580899.0788938776,132635.73471466536,602885.9844938775,141517.87435785323
20,2,0.005,1.0,6309573,6.309573e6,0,0,1.5848933041903153e-6,0,1.5848933041903153e-6,0.0,250000,230184,388869.99863899284,2670.5279672578445,2732.167715597891,3070.9035953471976,3048.741606609246,341490.14379288326,413405.7087689275,390644.0558933228,465883.96795062214,soft,5.0,5.776962741802259e6,2.0068299020450816e6,6.113685760400384e6,2.2368385480599226e6
20,2,0.005,1.0,63095734,6.3095734e7,0,0,6.339572814859401e-8,0,6.339572814859401e-8,0.0,250000,222416,9.51289865797706e6,10506.694505494506,5772.46865364851,7613.540277777778,7517.103448275862,3.7774020630478794e6,6.215810659436128e6,4.0645728974153074e6,6.523979541918253e6,soft,5.0,5.814378122634949e7,1.8582525640296318e7,6.0557168809130885e7,2.221040137498667e7
20,2,0.005,1.0,794328,794328.0,0,0,2.0142812540915087e-5,0,2.0142812540915087e-5,0.0,250000,250000,29738.82081246522,2258.8352811263458,2307.8378779447225,1911.3267771846024,1900.1222620845922,30025.417123603096,32784.00677923811,30349.98214470907,33220.330825675606,soft,5.0,745510.039555102,161080.28668228077,773621.3267428571,172924.69759432643
20,2,0.005,1.0,7943282,7.943282e6,0,0,1.258925466828447e-6,0,1.258925466828447e-6,0.0,250000,157791,484113.2965268676,2887.3709677419356,2915.422171353826,3079.871488764045,3084.9850069735007,330655.86730610894,384384.75244345283,378632.56970135996,432906.2532720473,soft,5.0,7.219149301719342e6,2.238820467242181e6,7.533260878592325e6,2.4029313938251054e6
20,2,0.005,1.0,79432823,7.9432823e7,0,0,5.0357016771265953e-8,0,5.0357016771265953e-8,0.0,250000,205401,1.031562846365105e7,20438.391912908242,18445.605654761905,7007.284768211921,7185.244813278008,6.776985393976607e6,2.709111098781821e6,8.708410258070983e6,3.2112026353976624e6,soft,5.0,8.119059290469608e7,5.055251406253506e7,7.459397170741165e7,2.5079844869830176e7
25,2,0.005,1.0,100000,100000.0,0,0,0.0008,0,0.0008,0.0,250000,250000,793.8899509574236,1584.6412317961165,1572.6047932893948,625.2398346601348,610.0479746070133,732.5688487284706,754.3593704390657,1000.5863995730443,1197.7212664416336,soft,5.0,94871.76002040817,11992.451050607748,95788.35740408163,12798.862514841707
25,2,0.005,1.0,1000000,1.0e6,0,0,1.75e-5,0,1.75e-5,0.0,250000,250000,33310.86162568396,1966.2867169563792,2001.6159272199882,2745.341318166611,2746.163696280853,33204.48503185817,37458.62839548625,34931.58688260352,39157.121679138545,soft,5.0,902532.5892204081,206632.84625616088,950632.1173183674,225751.4874842439
25,2,0.005,1.0,10000000,1.0e7,0,0,1.25e-6,0,1.25e-6,0.0,250000,129763,444561.0105764146,2624.0536149471973,2628.384473197782,3681.343648688476,3655.3458560367076,317485.92794304667,424012.3419326228,371570.9816387773,479287.3566539302,soft,5.0,8.841944399012528e6,2.740629885458322e6,9.313838556430994e6,3.050256648393103e6
25,2,0.005,1.0,125892,125892.0,0,0,0.00047659898961014205,0,0.00047659898961014205,0.0,250000,250000,1278.2908151280244,1578.5176408462326,1580.7410641021434,826.4970499016634,813.8629296913846,1202.714431128366,1248.1642006729533,1439.327297146739,1671.643386895217,soft,5.0,119622.50651836734,15548.921867517327,121469.5242244898,16420.366743905823
25,2,0.005,1.0,1258925,1.258925e6,0,0,1.5886569890978416e-5,0,1.5886569890978416e-5,0.0,250000,81549,35986.440931424906,2060.480430107527,2084.608500640752,2221.4933333333333,2215.17275216796,35024.59728852064,38510.68484297237,41859.8960714011,45587.626682012604,soft,5.0,1.10686124501953e6,374428.4803768366,1.1509156219153744e6,394058.80853187555
25,2,0.005,1.0,12589254,1.2589254e7,0,0,9.929103027073724e-7,0,9.929103027073724e-7,0.0,250000,250000,592768.9628071729,2534.343394140409,2574.486274075714,3796.0074328187534,3766.3243645523244,514956.7819717638,738495.5249225848,591785.5387011173,827738.0387768288,soft,5.0,1.1580079043261224e7,3.515503034218047e6,1.24072750694e7,4.187295491307137e6
25,2,0.005,1.0,158489,158489.0,0,0,0.0002997053423265968,0,0.0002997053423265968,0.0,250000,250000,1997.471355022456,1602.553934491351,1614.372813990461,1028.6846044321128,1019.7074444769141,1900.605531290103,1981.9375084400688,2043.865387541065,2300.2669283470564,soft,5.0,150185.05222857144,19446.143947123433,152974.80290204083,20574.565445451968
25,2,0.005,1.0,1584893,1.584893e6,0,0,1.1041754869256158e-5,0,1.1041754869256158e-5,0.0,250000,250000,53339.47229605398,2107.842313193924,2137.6248210999797,2721.335164453098,2701.090238641898,53624.87589422975,60835.327102587595,56032.797098231546,63151.9879983465,soft,5.0,1.4544041249714287e6,347229.0442979987,1.5336945874040816e6,379963.3325972339
25,2,0.005,1.0,15848931,1.5848931e7,0,0,7.886967266120345e-7,0,7.886967266120345e-7,0.0,250000,197855,730112.6883005978,2650.2849704963555,2670.982417207238,3762.045038447455,3746.8305145735876,516629.25611037546,622033.861920239,605095.7005341203,715248.8249398798,soft,5.0,1.4247051487049855e7,4.292871304270082e6,1.5025029687723938e7,4.718659883025701e6
25,2,0.005,1.0,199526,199526.0,0,0,0.00017541573529264356,0,0.00017541573529264356,0.0,250000,34488,3307.5820835022296,1539.1350142334281,1544.537343560759,1251.609541454377,1239.9251263206247,3293.8597428428675,3479.4372003426297,5859.839238562958,6230.329218366569,soft,5.0,156220.09373304396,74694.77802853205,160209.1666101465,76804.96076424913
25,2,0.005,1.0,1995262,1.995262e6,0,0,8.77077797301808e-6,0,8.77077797301808e-6,0.0,250000,250000,66102.14519398812,2245.185505226481,2284.013002446697,2674.323131672598,2649.7298107818638,65063.58942317917,73252.11388648699,68786.01458300638,76910.72194006738,soft,5.0,1.8411073257142857e6,419183.8557119602,1.940630215412245e6,457204.5404030701
25,2,0.005,1.0,19952623,1.9952623e7,0,0,6.264840467341061e-7,0,6.264840467341061e-7,0.0,250000,250000,930046.3653460381,2682.535373808329,2734.053898220105,3821.001564129301,3786.3636363636365,719916.1833801393,914496.3201771758,822508.8292496068,1.0197541113580541e6,soft,5.0,1.848357485490204e7,5.428583036240769e6,1.963494230569796e7,6.160475148816722e6
25,2,0.005,1.0,251188,251188.0,0,0,0.0001592432759526729,0,0.0001592432759526729,0.0,250000,250000,3671.620931376568,1775.049342778756,1794.5726103693996,1200.7359147630696,1185.0761257152335,3582.8073883676598,3758.6753186687974,3659.59332490736,4007.968274814519,soft,5.0,237146.6317510204,32078.97280624672,242803.23553469387,33720.724603035975
25,2,0.005,1.0,2511886,2.511886e6,0,0,7.962144778863371e-6,0,7.962144778863371e-6,0.0,250000,250000,71727.01169354838,2398.1093020152143,2452.3592741935486,2233.4407599073947,2224.32914951989,69756.5220418974,76672.85586131834,73720.56880182083,80628.44294159659,soft,5.0,2.3771799108489794e6,503058.6041997867,2.481414756040816e6,538957.6701178631
25,2,0.005,1.0,25118864,2.5118864e7,0,0,4.976339694342865e-7,0,4.976339694342865e-7,0.0,250000,250000,1.13376891230893e6,2683.756162915327,2695.423840171628,3680.112088218872,3634.9727577535623,823487.4512815143,1.0618436437853556e6,913589.7724926671,1.1563190193238673e6,soft,5.0,2.3481361023481634e7,5.665045442398411e6,2.4794776626963265e7,6.547969333961836e6
25,2,0.005,1.0,316227,316227.0,0,0,8.696284630977115e-5,0,8.696284630977115e-5,0.0,250000,85992,6569.2758724882915,1686.2035465292513,1706.9414162766118,1691.9893617021276,1674.2452949549265,6559.583198155768,7035.066416216091,7874.559340386374,8551.285173450455,soft,5.0,276140.50527212565,85582.19995090416,285037.47904731333,89024.75796089413
25,2,0.005,1.0,3162277,3.162277e6,0,0,5.533987060589569e-6,0,5.533987060589569e-6,0.0,250000,250000,103731.60481891871,2393.583966056275,2424.1795195954487,2673.658672148622,2653.291701528866,100467.68835625649,113049.60102839727,106248.01172053408,118613.90323921529,soft,5.0,2.916984647510204e6,629511.675809242,3.06860610164898e6,683527.0040792411
25,2,0.005,1.0,31622776,3.1622776e7,0,0,3.95284715042095e-7,0,3.95284715042095e-7,0.0,250000,250000,1.4535229207980654e6,2723.38112522686,2777.5517606165936,3752.8791191381497,3712.582238404306,957865.0176996114,1.2375347519390457e6,1.0795148180086322e6,1.3704995323187592e6,soft,5.0,2.965597093907347e7,7.270709368478891e6,3.119943677029796e7,8.364851809668467e6
25,2,0.005,1.0,398107,398107.0,0,0,6.90769064598211e-5,0,6.90769064598211e-5,0.0,250000,250000,8392.136089787193,1796.4501061571125,1826.7530726256982,1708.1826282804543,1701.5220606359378,8288.044584457462,8905.919107078242,8341.81000172769,9106.330385392755,soft,5.0,372820.76749387756,61144.29401944673,385193.6281877551,65217.509299969985
25,2,0.005,1.0,39810717,3.9810717e7,0,0,3.13985804375239e-7,0,3.13985804375239e-7,0.0,250000,250000,1.7826589279726262e6,3102.344122657581,3109.6413192071086,3798.6012567324956,3779.2247838616713,1.0891162090343295e6,1.4307877639200473e6,1.2002234424078523e6,1.546849455484162e6,soft,5.0,3.709717479462857e7,7.984767566934854e6,3.882183347032245e7,9.184616757388357e6
25,2,0.005,1.0,501187,501187.0,0,0,6.484605546432769e-5,0,6.484605546432769e-5,0.0,250000,250000,8773.795492447705,2035.7195701787753,2067.4907323581265,1408.2787960640555,1388.3659786339247,8664.426204322774,9186.192962736734,8532.503734732649,9204.108741663913,soft,5.0,475485.97323265305,65943.24587438743,488105.0282857143,69850.48656735648
25,2,0.005,1.0,5011872,5.011872e6,0,0,2.4940780610518383e-6,0,2.4940780610518383e-6,0.0,250000,127894,235427.21948051947,2333.231479446032,2351.7368534949146,3885.995763709108,3894.0890997454294,203584.49885007262,265168.6653402315,245956.53274187807,309014.9061673852,soft,5.0,4.316290661033086e6,1.5743823852459537e6,4.617543998608557e6,1.7699622990041676e6
25,2,0.005,1.0,50118723,5.0118723e7,0,0,1.9952623294093108e-7,0,1.9952623294093108e-7,0.0,250000,250000,2.914178313765596e6,2993.4572314049587,3019.4519820187984,4736.828414096916,4682.570526774053,1.8302107418016128e6,3.6822355019133184e6,2.0295547448729572e6,3.8716843788165646e6,soft,5.0,4.6995620478563264e7,1.224281733534378e7,4.9926714776987754e7,1.6089389300600173e7
25,2,0.005,1.0,630957,630957.0,0,0,3.169788115513419e-5,0,3.169788115513419e-5,0.0,250000,246760,18365.832450649978,1844.187345734754,1865.627587867116,2382.204340629023,2365.02629320912,18362.51106570131,20333.597538292528,19448.237582924514,21457.29697450159,soft,5.0,564084.6979028789,142527.71751543845,590855.2745119126,152072.2315673774
25,2,0.005,1.0,6309573,6.309573e6,0,0,1.9811166302378942e-6,0,1.9811166302378942e-6,0.0,250000,92930,281891.98035714286,2432.213017751479,2396.17695326436,3663.824043261231,3674.3375948861367,207204.10174489324,259571.13786484703,252561.40538235393,305435.5825520386,soft,5.0,5.4397590540771065e6,1.8621164841955006e6,5.747134440532242e6,2.0245541628570277e6
25,2,0.005,1.0,794328,794328.0,0,0,3.1473144595179825e-5,0,3.1473144595179825e-5,0.0,250000,250000,18159.52572926909,2082.5676910524885,2117.285698678029,1846.014542438485,1832.81267355326,17948.13020734905,19405.27029091316,18029.2939648829,19552.44144024854,soft,5.0,745125.5912204082,120615.80738531069,772036.5363183673,128544.95923627229
25,2,0.005,1.0,7943282,7.943282e6,0,0,1.5736568335355587e-6,0,1.5736568335355587e-6,0.0,250000,167037,371678.2749590835,2411.266567015446,2426.4487725040917,3557.7278447823805,3543.0901893287437,327556.0377853634,413685.2891140398,393825.04861297004,479894.6520586432,soft,5.0,7.235631033634294e6,2.6991774627259886e6,7.704067233298568e6,3.0176415497541404e6
