L,d,J,Jprop,NX,NY,rR_random,rH_random,rR_hosthost,rH_phagephage,rH_phagehost,rH_3body,simulation_time,GenePersisentTime,mean_establish_size,persTimeHost,persTimePhage,gapTimeHost,gapTimePhage,theta_GH,theta_GP,theta_gH,theta_gP,constraint,soft_threshold,mean_host_N,std_host_N,mean_phage_N,std_phage_N
40,2,0.005,1.0,1000000,1.0e6,0,0,3.2e-5,0,3.2e-5,0.0,250000,38627,16873.908698334362,1538.85323648793,1441.1085080147966,2765.5349910279415,2788.2178169358785,16471.737967227884,18799.76597435078,22618.827860585698,24857.89877387164,hard,5.0,851398.6845689475,355784.57733434375,851406.788533024,355787.9733989322
40,2,0.005,1.0,1000000,1.0e6,0,0,3.2e-5,0,3.2e-5,0.0,250000,250000,16955.41699771277,1550.5111284464056,1481.8846116808704,3043.3750652319773,3057.1774866283918,16621.712894154643,19164.481229048375,15822.02533473113,18475.42685827443,hard,5.0,1.0000764282408163e6,1056.9453156201776,1.0000852051469388e6,1056.7956808861761
40,2,0.005,1.2589254117941673,1000000,1.0e6,0,0,3.2e-5,0,3.2e-5,0.0,250000,250000,16307.324771784233,1457.761086704697,1174.9773029045643,2665.4057545638493,2744.1931885280474,15485.967594681502,22866.902896566728,14897.321174100673,22738.591102695085,hard,5.0,1.000105374110204e6,1059.7723814000303,1.0001315741795918e6,1067.2195090645228
40,2,0.005,1.0,1000000,1.0e6,0,0,3.2e-5,0,4.028561317741335e-5,0.0,250000,250000,15129.891877295313,1488.2085264133457,1422.7168070857638,2673.623826844492,2655.262491760053,15157.417734605517,17338.60399919452,14409.401276550343,16625.87440223841,hard,5.0,1.0000800811510204e6,1056.1582460527827,1.0000814594081632e6,1057.9978326850378
40,2,0.005,1.0,1000000,1.2589254117941672e6,0,0,2.8e-5,0,2.8e-5,0.0,250000,250000,17497.70795815211,1433.1231672245533,1425.5316092629598,3008.342058498631,3003.56817147647,17410.960372848393,25319.819643610983,16789.427447748265,24634.73051322782,hard,5.0,1.0000965848775511e6,1059.7583396934585,1.2590464040734693e6,1190.8979640616174
40,2,0.005,1.5848931924611134,1000000,1.0e6,0,0,3.2e-5,0,3.2e-5,0.0,250000,132148,15554.410144199728,1396.9956445296891,936.8548317669847,2338.930957683742,2429.2155509631707,14403.853293477674,27298.1412155069,15855.602081225474,29816.629473222583,hard,5.0,960811.7626860037,194376.14375215612,960886.2567087174,194391.32888272792
40,2,0.005,1.0,1000000,1.0e6,0,0,2.8e-5,0,4.4377009388911176e-5,0.0,250000,250000,15665.821785721804,1388.962754682701,1323.4103368421052,2688.1653979847756,2646.1483090753422,15950.508651076447,18098.947350749946,15429.147472752682,17656.474727425393,hard,5.0,1.000090160232653e6,1059.1108768392326,1.0000893560081633e6,1056.8868600736266
40,2,0.005,1.0,1000000,1.5848931924611134e6,0,0,2.8e-5,0,2.8e-5,0.0,250000,250000,15511.174439216544,1381.2720815919968,1446.9531677426414,2698.241514504086,2673.6064566403206,16008.042520498346,28940.81296503276,15430.041241562749,28067.4261454991,hard,5.0,1.0000921015469388e6,1059.3570967376666,1.5850394671714285e6,1340.408119811531
40,2,0.005,1.9952623149688795,1000000,1.0e6,0,0,2.8e-5,0,2.8e-5,0.0,250000,250000,17060.930479030816,1325.0412897839094,720.3588939998989,2422.156513135311,2464.540576072666,15833.264347254999,41123.445158594186,15508.968346686937,43115.968381111874,hard,5.0,1.0002037828571429e6,1140.870556623277,1.0004258046040817e6,1353.0495036827692
40,2,0.005,1.0,1000000,1.0e6,0,0,2.8e-5,0,5.5867344819128626e-5,0.0,250000,250000,13774.336074861296,1368.021481451515,1308.7049699148238,2447.444736733939,2380.978396286304,14458.22698371309,16166.432768245182,13917.219817136398,15711.810644040459,hard,5.0,1.0000903088204082e6,1055.2663351648018,1.0000924429836734e6,1053.3795361209134
40,2,0.005,1.0,1000000,1.9952623149688796e6,0,0,2.8e-5,0,2.8e-5,0.0,250000,250000,13660.693292797201,1349.685704987389,1483.0444578639401,2481.995535714286,2436.970154308575,14673.446377249957,32795.368566840036,14355.194927635022,32187.64070106262,hard,5.0,1.0000897136448979e6,1058.0181009552373,1.9954452515306124e6,1493.8753501998233
40,2,0.005,2.51188643150958,1000000,1.0e6,0,0,3.2e-5,0,3.2e-5,0.0,250000,250000,13777.42342281789,1384.722269654927,613.5854763473094,1976.4438131313132,1933.3034819111792,12040.662548047188,38289.505971787825,11933.121086373263,40545.04543686072,hard,5.0,1.000202804955102e6,1106.0640693870407,1.000534143510204e6,1369.139054317297
40,2,0.005,1.0,1000000,1.0e6,0,0,2.8e-5,0,7.033282008226824e-5,0.0,250000,250000,11865.477027699453,1372.486127189936,1315.3066843589318,2266.197755054067,2164.0444082945346,12961.079932832758,14278.210145516985,12458.682929607008,13880.58126653101,hard,5.0,1.0000840063591837e6,1051.108550306609,1.0000862485428571e6,1051.266111588865
40,2,0.005,1.0,1000000,2.51188643150958e6,0,0,2.0e-5,0,2.0e-5,0.0,250000,43109,17532.543135280295,1163.124024572472,1281.1584690280342,2669.4011062368872,2625.57542978559,19200.869019077243,55791.543717679204,25602.0864228147,72000.58991745044,hard,5.0,868938.2841323572,337643.5706199065,2.182672090582277e6,848119.3018539458
40,2,0.005,3.1622776601683795,1000000,1.0e6,0,0,2.8e-5,0,2.8e-5,0.0,250000,250000,14728.334859766848,1378.4465310188345,481.10014841500384,2104.182391585094,1920.4745621564834,12795.381297095253,55987.10376330388,12961.213584889769,59818.892270063014,hard,5.0,1.0002970258081632e6,1233.5307098678368,1.0009795189632653e6,2115.9128133603645
40,2,0.005,1.0,1000000,1.0e6,0,0,2.0e-5,0,6.324555320336759e-5,0.0,250000,29466,15974.272981920041,1196.0596892886344,1115.5202238616127,2272.563862928349,2176.231355125357,17733.10423440798,20273.714587827617,27972.516475851688,30787.040419955196,hard,5.0,795778.9820158588,403268.78694373294,795789.1462437669,403273.9392934742
40,2,0.005,1.0,1000000,3.1622776601683795e6,0,0,2.0e-5,0,2.0e-5,0.0,250000,53127,15211.56837973752,1115.0494505494505,1289.858334355452,2573.079952581665,2525.1627560016277,17863.275508244944,64449.37807101209,22874.25992105692,80025.24563760773,hard,5.0,896256.3542086562,305141.31917522696,2.834211192282918e6,964937.9789823231
40,2,0.005,3.9810717055349727,1000000,1.0e6,0,0,3.2e-5,0,3.2e-5,0.0,250000,250000,11649.419006545544,1529.7093170989942,424.24100242654106,1804.4910001789228,1508.9679040513042,9424.600789795566,49624.20573815366,9596.185543370018,52697.46262333225,hard,5.0,1.0002669761714286e6,1173.3263253300283,1.0011252370979592e6,2144.058810050864
40,2,0.005,1.0,1000000,1.0e6,0,0,2.8e-5,0,0.00011147000775497924,0.0,250000,250000,8273.955745734056,1480.4783464932652,1432.7286179910411,2021.6902818361768,1855.1638365168837,10131.282508456361,10822.793791146916,9728.044858898846,10547.498468458645,hard,5.0,1.0000709682367347e6,1049.631370290195,1.000068769555102e6,1048.2690937793977
40,2,0.005,1.0,1000000,3.9810717055349727e6,0,0,2.8e-5,0,2.8e-5,0.0,250000,250000,8202.342775706225,1288.2620595096066,1671.3013685258575,2060.4803987070914,1991.6343992228853,11533.039244205887,49537.18897311435,11355.102096415221,48937.76785813716,hard,5.0,1.0000781046244898e6,1051.9987946191284,3.98138393884898e6,2105.423643900711
40,2,0.005,5.011872336272723,1000000,1.0e6,0,0,3.2e-5,0,3.2e-5,0.0,250000,250000,10513.9519072333,1647.6273523685918,356.17589214908804,1753.9379296475063,1314.537938071156,8023.522506553853,52645.76152150519,8478.698820854486,56040.8498197659,hard,5.0,1.000297133477551e6,1167.9921010121586,1.0015218591836735e6,2414.3061860097373
40,2,0.005,1.0,1000000,1.0e6,0,0,2.8e-5,0,0.00014033242541563624,0.0,250000,250000,6674.68261303366,1584.0783586305602,1542.3940030457386,1962.568575360269,1756.682922500843,8901.024273974142,9381.711176347193,8749.89061194167,9338.335532232932,hard,5.0,1.0000669671306122e6,1050.163718560186,1.0000600728857142e6,1049.2343647461287
40,2,0.005,1.0,1000000,5.011872336272723e6,0,0,2.8e-5,0,2.8e-5,0.0,250000,250000,6659.110382599478,1286.1230555314157,1783.8806901831458,1981.6976830235221,1899.296872196639,10837.712851139615,58090.9939957651,10631.838736208736,57201.71523204991,hard,5.0,1.000076544832653e6,1052.7039542698612,5.012262100118367e6,2364.729513750685
40,2,0.005,6.3095734448019325,1000000,1.0e6,0,0,3.2e-5,0,3.2e-5,0.0,250000,250000,9383.502148914817,1827.7472106326343,306.29071798486194,1729.3902354902375,1146.5511360133178,6755.393503528628,55114.1937481599,7384.208799596599,58529.253277280026,hard,5.0,1.000309250122449e6,1163.7679262483641,1.0019846579306122e6,4783.912961296309
40,2,0.005,1.0,1000000,1.0e6,0,0,2.8e-5,0,0.00017666805645445412,0.0,250000,250000,5267.44781553398,1753.2830906879096,1724.0537603245907,1934.2068903678316,1682.2117476298963,7644.636090426322,7958.878921590177,7524.31477461496,7978.083698380728,hard,5.0,1.000049824555102e6,1049.704209625029,1.0000506331959184e6,1051.578328244871
40,2,0.005,1.0,1000000,6.309573444801932e6,0,0,3.2e-5,0,3.2e-5,0.0,250000,250000,4237.322656580086,1365.1854712521224,2125.137718045188,1767.016426619894,1645.1246039695031,8952.862954007196,59422.30484441298,8737.975714221848,58278.353123844514,hard,5.0,1.0000640045836734e6,1050.1630463618426,6.309954748387755e6,2644.1750229003874
40,2,0.005,7.943282347242815,1000000,1.0e6,0,0,2.8e-5,0,2.8e-5,0.0,250000,250000,9989.31962787304,1831.2229810927736,235.66360943291596,1942.56063318955,1146.3118909240343,7272.869418557358,84129.96552478884,8154.16533268669,88829.51279099887,hard,5.0,1.0004516813795918e6,1386.169972413411,1.0035199614408163e6,7146.702265264356
40,2,0.005,1.0,1000000,1.0e6,0,0,2.0e-5,0,0.0001588656469448563,0.0,250000,79950,6975.372609990076,1516.1140464847697,1475.3373908441386,2271.375095609607,2003.7112862723213,10187.617523809024,10781.02497397254,13714.354148330478,14432.660510861419,hard,5.0,933372.3553302202,249520.37850866205,933375.4705937292,249521.200709945
40,2,0.005,1.0,1000000,7.9432823472428145e6,0,0,2.8e-5,0,2.8e-5,0.0,250000,250000,4150.136166398435,1267.8523717003886,2058.124472874692,1876.8862263254362,1748.3176972281449,9955.24543295323,83500.61329526291,9804.775789002237,82493.26276958514,hard,5.0,1.0000679078938776e6,1050.2634916445338,7.943857850706123e6,2961.4632626931843
40,2,0.005,0.1,1000000,1.0e6,0,0,0.000176,0,0.000176,0.0,250000,250000,6578.175641025641,4059.63368956743,8369.727519991297,5400.673661897191,1525.3268761006645,10245.66400808344,1524.9314280021258,11037.919190112209,1995.0967249713506,hard,5.0,1.0000032355673469e6,1049.6313739487302,999997.3067918367,1051.365926780171
40,2,0.005,1.0,1000000,1.0e6,0,0,9.6e-5,0,9.600000000000001e-6,0.0,250000,250000,13118.98429407791,3641.497924220926,3700.853282065367,6133.808537454107,6508.695609756098,11069.952947841683,12233.553691243407,10519.122314798842,12390.660361750317,hard,5.0,1.0000165587183674e6,1052.3451551994954,1.0000107503469387e6,1050.1187401516602
40,2,0.005,1.0,1000000,100000.0,0,0,7.6e-5,0,7.6e-5,0.0,250000,250000,22579.61687898089,4280.883723958334,1518.183500385505,7735.444718792867,6959.418872537496,11117.054570184957,1623.9587685715187,10492.36392336656,1709.3752765700608,hard,5.0,1.0000081649959184e6,1049.1069926481343,99998.78495510203,331.8745234784624
40,2,0.005,0.12589254117941673,1000000,1.0e6,0,0,0.000252,0,0.000252,0.0,250000,250000,4503.349388427657,4046.09765625,10354.655063487147,3175.672395916414,691.8095021151969,7378.532173927079,1141.8955106184135,8743.701887850473,1693.3820527427913,hard,5.0,1.0000014078040817e6,1052.0064957569798,1.0000006775755102e6,1049.5564579172233
40,2,0.005,1.0,1000000,1.0e6,0,0,8.8e-5,0,1.1078543623788671e-5,0.0,250000,250000,13662.48553854822,3132.1167490096586,3150.864073647871,5194.424632268179,5461.6853186918115,11665.776573254754,13021.332480722267,11067.845335186012,13055.805626415942,hard,5.0,1.0000210172489795e6,1053.2129751882112,1.000017282689796e6,1052.4400635031086
40,2,0.005,1.0,1000000,125892.54117941673,0,0,5.6e-5,0,5.6e-5,0.0,250000,250000,24419.644520225775,3815.045740385252,1645.7692458278275,8375.482655126683,7480.499313081972,14412.314361794222,2400.1605178659597,13058.67220034006,2334.488956801455,hard,5.0,1.0000176161306122e6,1054.3256193113098,125894.65667755101,373.37729862445104
40,2,0.005,10.0,1000000,1.0e6,0,0,3.2e-5,0,3.2e-5,0.0,250000,250000,7493.087566723236,2342.6510165629657,230.49809446072356,1773.8435716833096,883.1367977677228,4804.396044781495,62150.394007926276,5726.782318424192,65223.29335914832,hard,5.0,1.0003309525265306e6,1169.513304036855,1.0033854536367347e6,4236.677289221273
40,2,0.005,1.0,1000000,1.0e6,0,0,2.0e-5,0,0.0002,0.0,250000,113119,5531.005452665225,1701.7390053431977,1681.9980729460424,2305.215906658103,1988.2523419203746,8878.196091131947,9270.184956209478,11696.414944475098,12205.985004657856,hard,5.0,953827.2426308049,210013.3962128982,953825.824397192,210013.09693695852
40,2,0.005,1.0,1000000,1.0e7,0,0,2.8e-5,0,2.8e-5,0.0,250000,250000,3137.219040923713,1269.8639949510887,2286.95960887071,1847.5064696875368,1689.2713546067025,9634.146977104889,101295.28892652392,9624.115238872491,101291.97454145369,hard,5.0,1.0000735961918368e6,1050.7251563201894,1.0000708899787756e7,3336.4886855264886
40,2,0.005,0.15848931924611134,1000000,1.0e6,0,0,0.00014,0,0.00014,0.0,250000,250000,7284.463412308719,3334.8086821957972,6880.184071850799,4290.231409825034,1536.6865465950673,10282.147150447177,1804.7910865592883,11017.30394445528,2329.9560152055255,hard,5.0,1.0000039155714286e6,1050.2295268365883,1.000004825522449e6,1050.8622756849138
40,2,0.005,1.0,1000000,1.0e6,0,0,6.4e-5,0,1.0143316431751125e-5,0.0,250000,250000,15846.883736186102,3034.0182717006737,3002.859944532488,6019.275474739334,6228.791057078096,13998.59881847507,15889.124784556485,12627.516683974576,14940.988529364487,hard,5.0,1.0000221630693878e6,1050.4643924425814,1.0000180137918367e6,1049.7378579862998
40,2,0.005,1.0,1000000,158489.31924611135,0,0,7.6e-5,0,7.6e-5,0.0,250000,250000,19952.013878469617,3137.501650312221,1563.942385549673,5187.291635859519,4941.749137593798,11227.758744113891,2183.611572136977,10273.436139944683,2140.1859597805956,hard,5.0,1.0000086815591836e6,1047.909058336646,158490.20726938776,417.28908515210026
40,2,0.005,0.19952623149688797,1000000,1.0e6,0,0,0.000116,0,0.000116,0.0,250000,250000,8049.242468270587,3001.731956845238,5960.776283112583,3985.7134865900384,1703.5488023952096,10763.803603318827,2233.045018711457,11703.32902360335,3029.2393407458876,hard,5.0,1.0000022454612245e6,1052.7499278359635,1.0000007076693878e6,1051.6102153617571
40,2,0.005,1.0,1000000,1.0e6,0,0,5.2e-5,0,1.0375364037838174e-5,0.0,250000,250000,17934.517922235722,2832.1357669220633,2781.4366864495537,6279.479275531429,6534.442634009652,15936.970157907159,18441.55697534836,14541.873140074666,17418.325418991226,hard,5.0,1.0000267569959183e6,1054.2770576350435,1.000029518444898e6,1051.7800532274096
40,2,0.005,1.0,1000000,199526.23149688798,0,0,5.6e-5,0,5.6e-5,0.0,250000,13185,16753.772549019606,6019.516497461929,4229.878345498783,592.5,963.3571428571429,16201.620269898378,3875.677155154767,43840.45038669289,9540.875356411285,hard,5.0,389260.77422113623,487625.30474850483,77664.16102626757,97289.91599676503
40,2,0.005,0.251188643150958,1000000,1.0e6,0,0,6.8e-5,0,6.8e-5,0.0,250000,61231,11849.120308378982,2619.527963351785,4717.419736064605,4593.757793227181,2671.0053525715616,14217.529274964398,3780.2461204375613,19258.93180151929,8981.793924281952,hard,5.0,911110.5532357596,284608.95163081156,911096.0848286533,284604.42364121595
40,2,0.005,1.0,1000000,1.0e6,0,0,4.4e-5,0,1.1052300298642153e-5,0.0,250000,27894,20093.030759573132,2832.6167076167076,2635.764202810018,3811.808962264151,4061.6207701283547,18403.526091649393,21672.73518189858,28001.012646885385,31407.206522415243,hard,5.0,781677.0658687865,413155.6433301853,781676.9695990216,413155.57751644705
40,2,0.005,1.0,1000000,251188.643150958,0,0,5.2e-5,0,5.2e-5,0.0,250000,250000,20442.205651888176,2558.3929378879434,1655.2832058601746,5125.882362933707,5086.762348073442,14765.082529986064,4370.815658955212,13405.029492794158,4141.884723157256,hard,5.0,1.000029356367347e6,1056.2255871446268,251194.57362040816,528.233645942482
40,2,0.005,0.31622776601683794,1000000,1.0e6,0,0,8.0e-5,0,8.0e-5,0.0,250000,250000,9692.011777941849,2479.9125343492383,4358.668807402803,3400.4279861733453,2089.4243843588106,11453.672336597152,3693.663187465465,11678.38129430802,4283.783183198364,hard,5.0,1.0000061693877551e6,1050.0331077189228,1.0000017085632653e6,1047.6066669309696
40,2,0.005,1.0,1000000,1.0e6,0,0,4.4e-5,0,1.3914021704740868e-5,0.0,250000,153985,18650.591670688824,2353.8305914343982,2257.8070175438597,5082.912921751616,5268.355125977411,17237.487056066904,20226.15288547747,17494.60947349058,20717.13288549683,hard,5.0,966481.4405611303,180087.49931898498,966483.05346847,180087.81875268673
40,2,0.005,1.0,1000000,316227.76601683797,0,0,4.4e-5,0,4.4e-5,0.0,250000,250000,21113.87355474688,2383.6714104088915,1696.7537190082644,5289.120916832606,5352.050309597524,16780.295650366093,6250.456630660906,15214.353528139256,5866.229626624029,hard,5.0,1.000039061477551e6,1054.4929079397243,316240.4798040816,594.0046538387037
40,2,0.005,0.39810717055349726,1000000,1.0e6,0,0,5.6e-5,0,5.6e-5,0.0,250000,27328,12465.113461538462,2133.549405306496,3191.7501187648454,3089.5078236130867,2156.758490566038,14176.608836862779,6031.424198265034,24363.55627385115,16890.6084173118,hard,5.0,776124.9853547115,416866.76611558965,776119.3726710856,416863.7461345316
40,2,0.005,1.0,1000000,1.0e6,0,0,4.4e-5,0,1.751671550435388e-5,0.0,250000,250000,17526.008640337448,2111.6042295059992,2035.8001557843402,4189.59794204694,4331.322213719215,16117.70896742331,18670.102309061633,14741.331878701129,17497.42182600101,hard,5.0,1.0000487871102041e6,1054.4379672554858,1.0000500393632653e6,1055.3181676783076
40,2,0.005,1.0,1000000,398107.1705534973,0,0,5.2e-5,0,5.2e-5,0.0,250000,250000,16912.271735200342,2108.060882380031,1620.671678402401,3663.606649680727,3814.5024504015114,13800.691744450996,6246.769067109028,12626.127712008147,5938.010216359351,hard,5.0,1.0000392401673469e6,1054.6156002890198,398120.8020040816,662.5616779495466
40,2,0.005,0.5011872336272722,1000000,1.0e6,0,0,4.4e-5,0,4.4e-5,0.0,250000,15444,14144.814092953524,3727.9941520467837,3915.5556831228473,1520.2,1068.7582417582419,15380.38699058251,8433.94898409883,38066.31007320091,31365.28705894474,hard,5.0,521360.9774990425,499577.01211447455,521368.1152815013,499583.83405705815
40,2,0.005,1.0,1000000,1.0e6,0,0,4.4e-5,0,2.2052238279599978e-5,0.0,250000,54900,16316.092789968652,1889.6170145973945,1807.36338028169,3258.7272402074764,3347.2848484848487,15359.452519314766,17400.844057035833,19417.620021579452,21815.03635261724,hard,5.0,899873.611242485,300263.0063751522,899859.495270541,300258.2991576193
40,2,0.005,1.0,1000000,501187.23362727225,0,0,4.0e-5,0,4.0e-5,0.0,250000,250000,18333.44370696607,1919.6294623655915,1573.8562006447605,3852.446395971042,3989.8680330598527,16176.77193044997,9302.523477181312,15055.296848972635,8894.983036768752,hard,5.0,1.0000536348816326e6,1053.2002531128826,501209.54378775513,745.9325436033404
40,2,0.005,0.6309573444801932,1000000,1.0e6,0,0,4.4e-5,0,4.4e-5,0.0,250000,250000,13775.904909430908,1864.5324174948184,2404.0637509059484,3140.334292071417,2836.0628882430046,14166.718769840683,9614.417055280144,13086.010366284572,8826.89743445271,hard,5.0,1.0000323378489796e6,1053.7323879374953,1.0000189311632653e6,1051.2450527928038
40,2,0.005,1.0,1000000,1.0e6,0,0,4.0e-5,0,2.5238293779207732e-5,0.0,250000,250000,16338.594703758192,1784.294708980563,1718.5218530300194,3251.799661414958,3315.8753992737993,15407.305763708091,17518.19576581979,14418.51464790378,16756.66240199471,hard,5.0,1.0000566129755102e6,1055.8586212688085,1.0000601708734694e6,1054.455796616764
40,2,0.005,1.0,1000000,630957.3444801932,0,0,4.0e-5,0,4.0e-5,0.0,250000,250000,16571.3156507066,1777.670418911313,1540.873668862447,3267.5343680709534,3364.907965025115,15432.652292282479,11104.527736149235,14433.98720389909,10633.644567763238,hard,5.0,1.000061846477551e6,1053.8997735394487,630992.3608816327,836.7396211522758
40,2,0.005,0.7943282347242815,1000000,1.0e6,0,0,4.0e-5,0,4.0e-5,0.0,250000,250000,14271.78016454525,1721.4520802741067,1931.76473382842,2891.9613023952097,2777.961823884936,14333.959297035317,12541.517160901478,13247.470975546797,11547.939108845583,hard,5.0,1.0000476312530612e6,1053.1977911315703,1.0000360693102041e6,1051.6830762073546
40,2,0.005,1.0,1000000,1.0e6,0,0,4.0e-5,0,3.177312938897126e-5,0.0,250000,250000,15099.329131183618,1682.1888731820686,1625.177745353649,2839.446199672828,2889.9281205060083,14409.760464270616,16305.752429584743,13610.911985327488,15687.014525949644,hard,5.0,1.0000614189959184e6,1052.5447236351513,1.0000571789510204e6,1052.2851910385684
40,2,0.005,1.0,1000000,794328.2347242815,0,0,3.2e-5,0,3.2e-5,0.0,250000,113101,18514.015671594443,1650.7291313973174,1496.607672796449,3426.164494443682,3481.9631754503002,17804.687018906574,16288.856401577803,19256.100588728834,17578.655837532653,hard,5.0,953829.1616081258,210032.2038171815,757657.2295908456,166835.86683016867
40,2,0.005,0.7943282347242815,1000000,1.0e6,0,0,4.0e-5,0,4.0e-5,0.0,250000,250000,14260.027685713574,1708.97783401056,1918.7131114874962,2884.5209454599567,2774.48059337533,14269.326544698135,12533.021853379509,13282.495305144872,11603.493460267204,hard,5.0,1.000044668844898e6,1053.257189554075,1.0000382920285715e6,1048.5560214145648
40,2,0.005,1.0,1000000,1.0e6,0,0,3.8e-5,0,3.01844729195227e-5,0.0,250000,250000,15707.011873190433,1665.9949363992173,1601.3447109770339,2944.483391521197,2985.4187828588433,14956.482803385177,16999.256304499897,14097.24304845542,16241.582341343319,hard,5.0,1.0000621565387755e6,1054.3081798732305,1.00006235e6,1050.6008141147881
40,2,0.005,1.0,1000000,794328.2347242815,0,0,3.5e-5,0,3.5e-5,0.0,250000,238023,17207.464632947347,1659.0829967971035,1511.2281443495813,3241.59487544484,3297.778211309607,16353.05600761789,14929.968483847066,16370.029494813338,15078.448288694299,hard,5.0,978611.9136651747,144901.86008225183,777346.3092098205,115101.50015322074
40,2,0.005,1.0,1000000,1.0e6,0,0,3.2e-5,0,3.2e-5,0.0,250000,129474,16899.61491718122,1553.688030772305,1475.7433359466875,2988.8531032331844,2995.325147748115,16508.8495869151,18973.226049682635,17646.01925233248,20188.29359094626,hard,5.0,959912.5081543133,196355.21765668973,959913.924361714,196355.5159663724
40,2,0.005,1.0,1000000,1.0e6,0,0,4.0e-5,0,4.0e-5,0.0,250000,250000,13477.841777284562,1605.7376645801855,1551.5652155356381,2467.961163556531,2479.0056423611113,13131.372632658611,14643.34936380169,12353.992972386364,13979.325517051691,hard,5.0,1.0000547892734694e6,1053.2020378983502,1.0000661346244898e6,1052.0785372987173
40,2,0.005,1.0,1000000,1.0e6,0,0,4.0e-5,0,4.0e-5,0.0,250000,250000,13587.197282410682,1604.2021652051533,1550.7367293144462,2477.460235656866,2489.694963276159,13226.530558834113,14820.367984909222,12423.47738915112,14098.452136034008,hard,5.0,1.0000633957346939e6,1054.3431783295823,1.0000581721591837e6,1051.2620027751218
40,2,0.005,1.2589254117941673,1000000,1.0e6,0,0,3.2e-5,0,3.2e-5,0.0,250000,250000,16290.17208416958,1451.4854500239956,1168.9725647604073,2661.411921352803,2740.3125,15526.56027583649,22928.572203487485,14976.183441685138,22915.633498951047,hard,5.0,1.0001013602734694e6,1063.2835828671355,1.0001316610857142e6,1065.2080727943453
40,2,0.005,1.0,1000000,1.0e6,0,0,3.2e-5,0,4.028561317741335e-5,0.0,250000,250000,15228.620637427786,1476.8518289859546,1414.5664798667158,2680.5640410113747,2667.566256575038,15118.810313802145,17070.164700560075,14463.552332070381,16501.285163657358,hard,5.0,1.0000780374367347e6,1055.4933087129332,1.0000830363183673e6,1051.1786348575904
40,2,0.005,1.0,1000000,1.2589254117941672e6,0,0,3.5e-5,0,3.5e-5,0.0,250000,158574,13785.237246765926,1514.4238068657548,1528.912381018793,2464.711160522163,2458.004193398086,13734.981056133181,19275.803030724528,14478.490669669163,20265.206257460795,hard,5.0,967510.8484574212,177473.40439847272,1.2180277640030214e6,223425.72506863542
40,2,0.005,1.5848931924611134,1000000,1.0e6,0,0,2.6e-5,0,2.6e-5,0.0,250000,29498,19729.499493414387,1298.835624284078,833.5069637883008,2370.833702064897,2487.0142000631113,18849.908569929852,37780.87213482429,28409.062161751008,48832.117130683946,hard,5.0,796087.9767736142,403094.26392948034,796191.6328271696,403146.93450096017
40,2,0.005,1.0,1000000,1.0e6,0,0,4.0e-5,0,6.339572769844454e-5,0.0,250000,250000,10487.631253091056,1551.5326160559778,1501.4450936933306,1998.5455100794136,1957.4452641555015,10779.117062095038,11761.240174575436,10079.038394557514,11181.00361363322,hard,5.0,1.0000596165020408e6,1048.9902679209738,1.0000521698693878e6,1048.7951741893312
40,2,0.005,1.0,1000000,1.5848931924611134e6,0,0,3.4e-5,0,3.4e-5,0.0,250000,250000,12570.867502748482,1462.91369440775,1555.7248666476648,2315.3905697206296,2286.4552939716164,12979.229142080078,22827.685725601412,12393.0045501036,22027.430329308456,hard,5.0,1.0000710980204082e6,1052.217971830777,1.585006155877551e6,1328.608402172651
40,2,0.005,1.9952623149688795,1000000,1.0e6,0,0,3.2e-5,0,3.2e-5,0.0,250000,98201,14731.217460385624,1363.7322737124575,748.0911628306424,2103.623776750188,2152.345255020437,13366.860061188778,32924.311982637046,15766.643911285913,36985.36619559192,hard,5.0,946528.2363172069,225342.49911719555,946687.837491014,225381.0497049864
40,2,0.005,1.0,1000000,1.0e6,0,0,3.2e-5,0,6.384839407900415e-5,0.0,250000,250000,11863.167641070662,1435.293184500203,1379.9933130358443,2214.581976390171,2145.946395738954,12481.759382600418,13735.674607865398,11847.092103299465,13183.681243816725,hard,5.0,1.0000718210816326e6,1053.4491381060247,1.0000758278979592e6,1051.7522811958756
40,2,0.005,1.0,1000000,1.9952623149688796e6,0,0,2.5e-5,0,2.5e-5,0.0,250000,250000,15664.18126684636,1300.601963294921,1410.6548276311785,2714.2319227430557,2679.630279043028,16731.15943782576,38044.83926261878,16458.29845939724,37552.18923815817,hard,5.0,1.0001048556408163e6,1060.7225035382173,1.9954837686734693e6,1499.4850375173994
40,2,0.005,2.51188643150958,1000000,1.0e6,0,0,2.6e-5,0,2.6e-5,0.0,250000,17182,17241.644854881266,1674.4150552486187,788.9467975206611,1285.6601796407185,1409.8010380622836,16410.542889042797,57711.94196806083,36771.05908265166,81023.00041574141,hard,5.0,589815.4124117551,492066.12097895134,590099.5946478411,492304.66264584643
40,2,0.005,1.0,1000000,1.0e6,0,0,2.6e-5,0,6.530904721924908e-5,0.0,250000,43134,12817.163480188417,1289.8302025242149,1226.1611249653645,2199.2931720251904,2111.1427461944704,14001.482642755509,15409.912864937942,20134.912345630244,21595.356983587502,hard,5.0,868999.3744689778,337539.840696463,868982.5283211832,337533.3362065101
40,2,0.005,1.0,1000000,2.51188643150958e6,0,0,2.8e-5,0,2.8e-5,0.0,250000,250000,11661.570060191572,1313.4908622171297,1525.4726938228648,2284.4590675583986,2237.097974688687,13426.409243944765,37310.0232554028,13087.865555962542,36501.68131770881,hard,5.0,1.0000824178816327e6,1052.401707611951,2.5121077138979593e6,1670.6235177146548
40,2,0.005,3.1622776601683795,1000000,1.0e6,0,0,2.6e-5,0,2.6e-5,0.0,250000,76504,16126.629447852762,1336.3190053285969,458.5312883435583,2228.372094772471,2008.1057922939526,14598.795980803956,66657.39698269022,17929.54255486573,74007.06095731116,hard,5.0,930414.2198338554,255093.60876458487,931153.2599295145,255304.7467510599
40,2,0.005,1.0,1000000,1.0e6,0,0,2.6e-5,0,8.221921916437787e-5,0.0,250000,246834,11027.809194890076,1365.4291648619915,1299.2141411515681,2234.785140160755,2100.838950958042,12593.241657271465,13763.024008692637,13351.542061492704,14633.839086082513,hard,5.0,979415.7804154917,142297.83139245588,979418.1850153412,142298.17167202785
40,2,0.005,1.0,1000000,3.1622776601683795e6,0,0,2.9e-5,0,2.9e-5,0.0,250000,219274,9496.532765918917,1304.8615072144883,1604.9002829654783,2103.878479542228,2045.5334715981103,12029.345525017734,41324.67402623039,12794.715012296507,43797.60227124574,hard,5.0,976743.8543313701,150964.52012206888,3.088756300769109e6,477387.2552873976
40,2,0.005,3.9810717055349727,1000000,1.0e6,0,0,2.6e-5,0,2.6e-5,0.0,250000,60362,15004.71939124487,1380.0801675977655,374.4543485694745,2108.7098393574297,1763.4365382321364,13261.746805529916,80339.33359158371,18312.521912078257,90966.48180610032,hard,5.0,910074.9120696507,286729.1968814208,911248.9519164771,287115.1352054883
40,2,0.005,1.0,1000000,1.0e6,0,0,2.3e-5,0,9.156464922730437e-5,0.0,250000,118501,10775.32371092164,1320.5097996798338,1262.9294791116886,2255.608024000358,2098.138358978659,12874.164300154249,14020.017169619417,14826.414249421901,16058.210704714402,hard,5.0,956044.0335944176,205214.45821703007,956052.3196535714,205216.251610179
40,2,0.005,1.0,1000000,3.9810717055349727e6,0,0,2.9e-5,0,2.9e-5,0.0,250000,250000,7845.764210444604,1298.6872117990777,1700.582390498554,2014.7176201863022,1945.2867642712172,11187.353922573957,47890.342801011575,11020.720533786975,47276.04822041068,hard,5.0,1.0000784113959183e6,1054.5079200320645,3.981378946657143e6,2106.011307785495
40,2,0.005,5.011872336272723,1000000,1.0e6,0,0,2.9e-5,0,2.9e-5,0.0,250000,250000,11699.233103255294,1570.7508543710726,337.80214716773463,1898.6357417142005,1430.1838843945843,9282.519613931998,65041.15445409079,9855.871351252557,69712.7927923453,hard,5.0,1.0003543676408164e6,1275.947373582975,1.0018376813673469e6,3175.0115685210435
40,2,0.005,1.0,1000000,1.0e6,0,0,2.2e-5,0,0.0001102611913979999,0.0,250000,250000,9524.750672661936,1378.458203490184,1316.020080538852,2286.4047148168656,2085.228767148378,11980.635952181528,12968.068178357786,11998.353592129924,13072.748451296708,hard,5.0,1.0000940336285714e6,1053.9427062752827,1.0000927361510204e6,1050.289185996875
40,2,0.005,1.0,1000000,5.011872336272723e6,0,0,2.6e-5,0,2.6e-5,0.0,250000,28221,7288.92141453831,1178.2878135292626,1568.9295141814098,1785.268708556994,1686.8097806544408,11172.651804059313,59761.593426284344,21533.503033877932,111674.03425524959,hard,5.0,784781.8118513415,411057.8463474138,3.9332003627750743e6,2.0601516701936147e6
40,2,0.005,6.3095734448019325,1000000,1.0e6,0,0,2.8e-5,0,2.8e-5,0.0,250000,250000,11109.175042386683,1664.084602304209,277.64368219287917,1938.2428673946354,1304.0471782973107,8459.066910341971,76758.10266232216,9203.782360393661,81758.41639217669,hard,5.0,1.0004217814530613e6,1345.901203725021,1.0026326306979592e6,6581.504681576969
40,2,0.005,1.0,1000000,1.0e6,0,0,2.5e-5,0,0.00015773933612004833,0.0,250000,250000,6300.921249864224,1609.903957123017,1574.0583113074333,2062.775420614584,1825.931617025965,8884.449974912553,9328.939342078185,8882.807908914041,9455.830331058987,hard,5.0,1.000062370277551e6,1050.2152199122731,1.0000624834244899e6,1053.424644256634
40,2,0.005,1.0,1000000,6.309573444801932e6,0,0,2.9e-5,0,2.9e-5,0.0,250000,250000,5083.420552608662,1287.647843441063,1937.9815929063416,1876.9318395139683,1769.202054519138,10016.424475085583,67006.45087657792,9837.33514163413,66056.35670600527,hard,5.0,1.0000693140081633e6,1050.3237384005329,6.310029050489796e6,2646.483418655032
40,2,0.005,1.0,1000000,1.0e6,0,0,7.6e-5,0,7.600000000000001e-6,0.0,250000,118770,15021.538752077353,3828.361411897061,3840.162804428044,7570.64729110725,8164.718265221018,12682.535062175908,14152.076173229148,14142.464729430052,16405.59069479819,hard,5.0,956066.9946910433,204965.4484309622,956074.6128592775,204967.09287188662
40,2,0.005,1.0,1000000,100000.0,0,0,9.0e-5,0,9.0e-5,0.0,250000,250000,21080.566123877645,4120.76658504641,1441.506524364118,6403.081461176331,5855.534567950829,9847.477336325906,1442.6009480052664,9469.742130274977,1522.795574598271,hard,5.0,1.0000157174204082e6,1051.4804060349798,100000.0991755102,331.88449158293326
40,2,0.005,7.943282347242815,1000000,1.0e6,0,0,2.8e-5,0,2.8e-5,0.0,250000,250000,9968.44165377543,1836.9743270639715,237.2409573497756,1945.6950998185118,1145.1042527428174,7237.537013725179,83182.34538535701,8167.445796974399,87930.68557895046,hard,5.0,1.0004511262816327e6,1381.5020815896835,1.0035048678938776e6,7180.2465244234845
40,2,0.005,1.0,1000000,1.0e6,0,0,2.6e-5,0,0.00020652534102831317,0.0,250000,250000,4579.1774418827135,1872.9279488669379,1864.1221084856022,2024.1876476544044,1729.2731475186947,7204.4242007260855,7445.450203020027,7305.508280655904,7691.732484183362,hard,5.0,1.0000502089836735e6,1050.6862721534492,1.0000499681306123e6,1048.7649077143278
40,2,0.005,1.0,1000000,7.9432823472428145e6,0,0,2.9e-5,0,2.9e-5,0.0,250000,225086,3928.8512210423587,1290.2916154180937,2125.4611219557537,1836.6929148981121,1710.070150525419,9655.00344772149,80808.545743039,10627.162367754181,88637.51893908379,hard,5.0,977363.0606989994,149005.39718856913,7.7633727835028125e6,1.1835517294331351e6
40,2,0.005,10.0,1000000,1.0e6,0,0,3.1e-5,0,3.1e-5,0.0,250000,250000,7796.132187896336,2275.6319855501392,223.84531907129227,1815.675816877712,910.8795506590454,5072.936179721493,67301.7141293761,5985.673137237306,70785.08181664423,hard,5.0,1.0003585541795918e6,1196.8716583790285,1.0035963400693878e6,6293.718076484845
40,2,0.005,1.0,1000000,1.0e6,0,0,2.5e-5,0,0.00025,0.0,250000,250000,3684.183170482718,2098.737287374893,2143.8591637325776,2108.538965785026,1761.385353353523,6414.749855621846,6570.903208725247,6725.319701813691,7036.927123654957,hard,5.0,1.0000382510571429e6,1049.217619749699,1.0000414517306122e6,1050.4477423589635
40,2,0.005,1.0,1000000,1.0e7,0,0,3.2e-5,0,3.2e-5,0.0,250000,250000,2405.7387441549768,1369.5516519120945,2655.7174348697395,1703.5602923869983,1495.0260367097212,8379.346641886626,87562.68701996878,8163.914041283169,85645.12092143425,hard,5.0,1.0000592492653062e6,1050.6076525784288,1.0000571196538776e7,3324.070022502093
40,2,0.005,0.12589254117941673,1000000,1.0e6,0,0,0.000196,0,0.000196,0.0,250000,250000,5626.97849637977,3771.076062453035,8433.955931670509,4023.5998101320447,1078.3958151223776,8913.987369119897,1394.9094429359075,10340.5787147686,2011.9509954813439,hard,5.0,1.0000058135714285e6,1050.0907309923239,1.0000075954530613e6,1051.7188521620092
40,2,0.005,1.0,1000000,1.0e6,0,0,0.000103,0,1.2966931741479922e-5,0.0,250000,250000,12480.449150303777,3157.317441183806,3177.2898450946645,4620.407122605035,4864.006544968834,10409.991473825705,11428.80396508735,9893.248801776987,11461.95102406869,hard,5.0,1.0000108586612245e6,1053.5486988009768,1.0000101779469388e6,1048.4988738404234
40,2,0.005,1.0,1000000,125892.54117941673,0,0,6.2e-5,0,6.2e-5,0.0,250000,250000,23266.336504877756,3917.9008145975886,1678.62631990614,8101.531685547546,7436.610032526936,13278.476293613394,2221.7605769254224,12260.940623627273,2208.078694513527,hard,5.0,1.0000088575714285e6,1049.7533573976402,125893.93871020408,372.92610032042387
40,2,0.005,0.15848931924611134,1000000,1.0e6,0,0,0.000143,0,0.000143,0.0,250000,250000,7159.4737042864635,3322.0410667736114,6934.299944913698,4188.650879735044,1492.8522662350028,10252.776285776848,1774.6807016365938,11096.6128679832,2417.101842516458,hard,5.0,1.000007626844898e6,1049.6813284019308,1.000001345044898e6,1047.869836200221
40,2,0.005,1.0,1000000,1.0e6,0,0,6.6e-5,0,1.046029507024335e-5,0.0,250000,133458,15779.225534865293,3026.3089205468973,2989.6822038030227,5851.438475049075,6122.7077572559365,13835.093370781238,15775.010615202915,14447.466529180803,16762.048728627346,hard,5.0,961107.0989973376,193401.47373183238,961100.3115570848,193400.1589692553
40,2,0.005,1.0,1000000,158489.31924611135,0,0,6.3e-5,0,6.3e-5,0.0,250000,250000,21543.462725807818,3367.9023178807947,1683.9739955683765,6532.073450735622,6136.14728380656,12952.492442571413,2549.337636718512,11708.430705052055,2460.9998091235148,hard,5.0,1.000011886310204e6,1050.5171492632498,158490.85367755103,418.6411682024783
40,2,0.005,0.19952623149688797,1000000,1.0e6,0,0,0.000101,0,0.000101,0.0,250000,34442,8994.439878892734,2858.1878497202238,5046.23179916318,3888.3106852497094,1790.4565217391305,12149.957036278583,2694.5204688903814,20694.331422214054,11486.230170943107,hard,5.0,830210.9790435432,375458.1720475318,830213.3936553224,375459.2567432194
40,2,0.005,1.0,1000000,1.0e6,0,0,7.8e-5,0,1.556304605675726e-5,0.0,250000,250000,13636.005661080075,2644.4155760335616,2626.0559407211767,4089.8471356376112,4264.753181526377,11875.226701746415,13217.513979978039,10954.625349517368,12679.06126344935,hard,5.0,1.0000206929428572e6,1052.3883981991821,1.0000249635102041e6,1050.8232097978207
40,2,0.005,1.0,1000000,199526.23149688798,0,0,6.5e-5,0,6.5e-5,0.0,250000,250000,19749.349314222167,2916.488946285514,1673.9465420155934,5268.4068349725785,5113.316966275442,12659.818398280908,2986.340341524727,11242.943783043802,2806.3332068007403,hard,5.0,1.0000269565632653e6,1049.6803976890233,199528.42804897958,469.10738039422665
40,2,0.005,0.251188643150958,1000000,1.0e6,0,0,0.000128,0,0.000128,0.0,250000,250000,6818.08627539165,2816.376989978633,5530.259259259259,2844.9833893186233,1305.0060330108138,8952.430775739995,2270.5784974332632,10073.796230256708,3124.7663518354047,hard,5.0,1.0000020947387755e6,1049.953245924744,999993.8750040816,1046.8438887617222
40,2,0.005,1.0,1000000,1.0e6,0,0,6.0e-5,0,1.5071318589057481e-5,0.0,250000,250000,15407.438057889822,2460.9867900562513,2412.4688031344717,4353.399215686274,4532.310382888026,13549.850390532183,15284.721271828681,12304.253452628256,14410.121154833947,hard,5.0,1.0000290228448979e6,1053.6804959133785,1.0000283413510204e6,1053.3413187768133
40,2,0.005,1.0,1000000,251188.643150958,0,0,4.9e-5,0,4.9e-5,0.0,250000,250000,21370.661228870405,2613.4818048845354,1694.649599752504,5661.948303567329,5566.449659077316,15669.412630960218,4652.180187760214,14193.432679848016,4425.599933794736,hard,5.0,1.0000287866040816e6,1054.5839983162411,251196.25683673468,525.9076882543949
40,2,0.005,0.31622776601683794,1000000,1.0e6,0,0,6.6e-5,0,6.6e-5,0.0,250000,121835,11616.89026663425,2422.713097398669,4170.032917229864,4033.952587592414,2607.9317623124525,13457.677168769143,4420.674184237628,15263.663870772443,6939.704774162619,hard,5.0,957222.9707878632,202381.74419404785,957210.6043480121,202379.12728216904
40,2,0.005,1.0,1000000,1.0e6,0,0,4.9e-5,0,1.5495160534825057e-5,0.0,250000,90544,17259.370644257702,2274.4153301625925,2202.5667632634863,4377.010773514103,4591.429443359375,15534.910282143574,17879.58547556027,17189.129064895253,19760.77060646079,hard,5.0,941597.0563102029,234581.6366161735,941599.3871107267,234582.23918528287
40,2,0.005,1.0,1000000,316227.76601683797,0,0,5.1e-5,0,5.1e-5,0.0,250000,218469,18894.833695857764,2295.5632260760553,1631.1630101170854,4385.658531317495,4445.984811213932,14719.447613014336,5386.198724004781,14648.510827557177,5496.206690096753,hard,5.0,976617.828621486,151236.18283662,308831.45856307005,47827.17407507453
40,2,0.005,0.39810717055349726,1000000,1.0e6,0,0,6.6e-5,0,6.6e-5,0.0,250000,250000,10726.861702468226,2249.3387560642595,3620.978901614899,3226.702612727759,2323.891343244738,12130.23775269217,5001.153757121525,11816.95555462332,5219.537572306594,hard,5.0,1.0000075949102041e6,1049.3289090675758,1.0000088549510204e6,1047.7361388725872
40,2,0.005,1.0,1000000,1.0e6,0,0,4.4e-5,0,1.751671550435388e-5,0.0,250000,250000,17549.254326381542,2110.2742549250715,2037.108508685454,4208.193601936711,4341.535600796173,16178.530313598847,18695.11317393907,14790.666829125428,17452.880971092574,hard,5.0,1.0000413594e6,1054.1561525189975,1.0000437256204082e6,1053.5882666714838
40,2,0.005,1.0,1000000,398107.1705534973,0,0,4.1e-5,0,4.1e-5,0.0,250000,82029,20175.795553283926,2098.3669206193167,1601.803534542116,4415.896846969285,4549.423241744391,17649.291154089442,8382.767259068512,19752.916104944372,9315.088050057004,hard,5.0,935138.3703540225,246358.35735703591,372280.44206727337,98077.02134046091
40,2,0.005,0.5011872336272722,1000000,1.0e6,0,0,5.1e-5,0,5.1e-5,0.0,250000,250000,12681.554586484508,2046.6570119782627,2970.9973576309794,3315.739663048855,2730.455311868098,13532.121370291221,7148.7739088627795,12813.855648855782,6864.822473718372,hard,5.0,1.0000202309387755e6,1051.5799812448224,1.0000136753836735e6,1048.8796679888478
40,2,0.005,1.0,1000000,1.0e6,0,0,3.7e-5,0,1.8543927644209073e-5,0.0,250000,250000,19040.879034382822,1937.4852801829766,1856.6539687756779,4196.568516345348,4317.288581548321,17843.066768976136,20890.771172933597,16668.95357701082,19801.148544574397,hard,5.0,1.0000561956571429e6,1055.0152290730077,1.0000571642530612e6,1055.8724544664924
40,2,0.005,1.0,1000000,501187.23362727225,0,0,4.4e-5,0,4.4e-5,0.0,250000,135587,16733.942046650784,1898.4270216416671,1555.2106211575153,3410.4548504656677,3552.05959752322,14880.174428373564,8476.087967448131,15799.075137547998,9070.458697269194,hard,5.0,961759.9636334397,191885.49426914167,482024.6890119231,96172.53014593812
40,2,0.005,0.6309573444801932,1000000,1.0e6,0,0,4.7e-5,0,4.7e-5,0.0,250000,250000,12898.250222858533,1880.7366352403217,2416.281017369727,2959.957506488059,2656.027606347807,13338.201569295112,9040.576906820024,12495.158493987834,8348.811134145426,hard,5.0,1.0000331690163265e6,1051.0731026458586,1.0000191445632653e6,1051.2066099472142
40,2,0.005,1.0,1000000,1.0e6,0,0,5.3e-5,0,3.344073925745024e-5,0.0,250000,250000,12834.261932078934,1808.4563651285791,1764.4098924533926,2495.926817380002,2562.371477270074,12038.432365040238,13348.162842051555,11183.66465981984,12660.532891234934,hard,5.0,1.0000466480938776e6,1052.6257116287989,1.0000461079918367e6,1050.094086269284
40,2,0.005,1.0,1000000,630957.3444801932,0,0,4.0e-5,0,4.0e-5,0.0,250000,250000,16508.537471872933,1790.7512843271738,1548.2798789712556,3277.5338882936344,3367.218275733532,15399.654820600772,11167.448755096942,14342.62006686093,10596.781328977533,hard,5.0,1.0000560737877551e6,1053.1158467915466,630993.8113877551,836.2834026425119
