L,d,J,Jprop,NX,NY,rR_random,rH_random,rR_hosthost,rH_phagephage,rH_phagehost,rH_3body,simulation_time,GenePersisentTime,mean_establish_size,persTimeHost,persTimePhage,gapTimeHost,gapTimePhage,theta_GH,theta_GP,theta_gH,theta_gP,constraint,soft_threshold,mean_host_N,std_host_N,mean_phage_N,std_phage_N
10,2,0.005,1.0,100000,100000.0,0,0,0.00016,0.00016,0,0.0,250000,250000,5801.5174765558395,3975.8109833971903,4000.568201193521,564.0303819444445,546.2859626249457,5256.224509733769,5216.810241856894,4679.015321588682,4805.266690022235,hard,5.0,100000.55999591836,332.4526794800819,100000.00185306123,332.14451015953847
10,3,0.005,1.0,100000,100000.0,0,0,0.0002,0.0002,0,0.0,250000,250000,4595.769579777466,1765.0473918230127,1750.4070643980185,1391.9500054939017,1383.8906829587606,5112.810328594979,5102.497306703242,4183.170914120604,4407.903510505432,hard,5.0,100004.49696326531,332.7663318623316,100002.60057551021,332.2188229383635
10,2,0.005,1.0,1000000,1.0e6,0,0,1.3e-5,1.3e-5,0,0.0,250000,250000,77871.4862012987,6511.611196319019,6837.73538961039,722.1413820492454,736.1912384161752,68564.48506882809,66400.53812324586,58458.71122749072,55777.65654446965,hard,5.0,1.0000147404857143e6,1051.4870813687273,1.0000169982204082e6,1053.443315120278
10,3,0.005,1.0,1000000,1.0e6,0,0,1.3e-5,1.3e-5,0,0.0,250000,250000,76838.2947368421,2858.3919022154314,2848.468133971292,2522.8492963252543,2533.8842311459352,96857.51917170612,92508.75092196671,76496.30528361443,74826.16740869335,hard,5.0,1.0000379339510204e6,1064.785631240614,1.0000411352979592e6,1063.7454986741457
10,2,0.005,1.0,10000000,1.0e7,0,0,1.1e-6,1.1e-6,0,0.0,250000,250000,1.1254165923566879e6,7250.387426900585,7497.671974522293,970.528951486698,1008.4271012006861,661546.3772593138,643853.4758890402,556550.2468084554,544972.8874264869,hard,5.0,1.000015077762449e7,3340.569775658749,1.0000122090571428e7,3346.9746315821867
10,3,0.005,1.0,10000000,1.0e7,0,0,1.3e-6,1.3e-6,0,0.0,250000,250000,779339.4319248826,3986.385705847608,3953.2051056338028,2419.9084507042253,2413.853406326034,764973.2591789743,716064.2701387482,612691.8349785927,591940.4927916763,hard,5.0,1.0000364347118367e7,3618.591310108788,1.0000351955693878e7,3614.19702993073
10,3,0.005,1.0,100000000,1.0e8,0,0,7.0e-8,7.0e-8,0,0.0,250000,250000,1.5343862413793104e7,11067.710659898477,11828.453012048192,5550.660583941606,5320.366101694915,1.0069769822588427e7,9.284921993810173e6,8.433869112686828e6,7.956002379520112e6,hard,5.0,1.0000137633600408e8,19053.827623807752,1.0000143338462856e8,19165.974393151853
10,2,0.005,1.0,125892,125892.0,0,0,0.00015886632987004734,0.00015886632987004734,0,0.0,250000,250000,6132.3266545233755,6007.396815676669,5927.911353976928,398.7802267002519,384.4157303370786,5054.627483368146,5110.4794159225,4603.303822604125,4783.768125377044,hard,5.0,125892.92197551021,372.8264995294159,125892.07857959183,373.29746588130354
10,3,0.005,1.0,125892,125892.0,0,0,0.00015092301337654498,0.00015092301337654498,0,0.0,250000,250000,6072.921846435101,1873.0926924400596,1858.7476326297776,1465.7029196231244,1460.2222093695777,6799.958366413218,6859.237660766112,5587.868288283847,5854.806061475941,hard,5.0,125893.93787346939,373.8370232562719,125895.98069795918,372.9572656859352
10,2,0.005,1.0,1258925,1.258925e6,0,0,1.0326270429135969e-5,1.0326270429135969e-5,0,0.0,250000,250000,100703.94054054054,6894.218390804598,7526.497297297297,686.4458653026428,683.8300469483568,82455.2576055629,82006.1906091028,69197.76440150806,68667.88565192996,hard,5.0,1.2589401460163265e6,1178.0740683705037,1.2589400923632653e6,1181.1543929608274
10,3,0.005,1.0,1258925,1.258925e6,0,0,8.737613440038127e-6,8.737613440038127e-6,0,0.0,250000,156764,113031.81194867683,2952.2840065952187,2937.7413931144915,3370.7801387684303,3358.256518082422,194438.86105883395,147735.95533997536,165588.50609709328,136999.4224743618,hard,5.0,1.2175191803260325e6,224705.5101165174,1.2175174880340528e6,224705.1809778582
10,2,0.005,1.0,12589254,1.2589254e7,0,0,1.0326267148156673e-6,1.0326267148156673e-6,0,0.0,250000,250000,1.1696324453961456e6,8719.65297741273,8689.18415417559,834.9524886877828,777.7132701421801,666968.3997099136,670909.2338584199,575841.3327867358,580879.3015731368,hard,5.0,1.258937083190204e7,3732.06857353327,1.2589403112718368e7,3742.8928283489086
10,3,0.005,1.0,12589254,1.2589254e7,0,0,1.0326267148156673e-6,1.0326267148156673e-6,0,0.0,250000,250000,997345.9292230261,4139.512456638285,4106.937106918239,2381.669288757784,2382.592156862745,888812.7143444273,877435.5867792428,717300.7830263224,706846.9462995889,hard,5.0,1.258967019762449e7,4100.050268568704,1.2589653550632654e7,4096.341806209334
10,2,0.005,1.0,158489,158489.0,0,0,8.8334206159418e-5,8.8334206159418e-5,0,0.0,250000,175883,11112.077939233817,3995.1469833119386,4141.504623513871,673.5591539986781,665.0565010211028,10733.162214454524,10297.179885858071,10360.81813720236,10112.367942947627,hard,5.0,153852.66362364893,26711.43214442547,153854.56161233125,26711.773969329883
10,3,0.005,1.0,158489,158489.0,0,0,0.00010095337846790629,0.00010095337846790629,0,0.0,250000,250000,9309.932313278008,1928.8091394349694,1910.8104922279792,1856.225499272583,1857.6222368421052,11549.291839788706,11302.428134248554,9249.164283708848,9488.597635378517,hard,5.0,158495.50091020408,418.16522794350124,158495.1121755102,418.8077144582261
10,2,0.005,1.0,1584893,1.584893e6,0,0,6.940531632103871e-6,6.940531632103871e-6,0,0.0,250000,101231,156159.48895027625,5513.592207792208,5828.828729281768,781.0588235294117,841.6593059936909,115149.73746037584,103488.70990810363,111689.37970994707,101308.99579542961,hard,5.0,1.5025770484563187e6,351730.3911662404,1.502577639378163e6,351730.5302435237
10,3,0.005,1.0,1584893,1.584893e6,0,0,6.940531632103871e-6,6.940531632103871e-6,0,0.0,250000,62700,152069.91987179487,3116.7709401709403,3178.08,3192.1612903225805,3372.3346534653465,237110.39817239152,156991.75465606988,239159.6011029669,191051.65882818148,hard,5.0,1.4476339220623916e6,445857.9682132367,1.4476318598613518e6,445857.3214633517
10,2,0.005,1.0,15848931,1.5848931e7,0,0,6.940531194185905e-7,6.940531194185905e-7,0,0.0,250000,248830,1.6125436987179487e6,8419.324483775812,10628.182692307691,1184.5204081632653,1205.0187265917602,1.554149101110637e6,786337.4422471656,1.6833962176053498e6,795363.2661222717,hard,5.0,1.5524128528876677e7,2.2459758741200655e6,1.552414033986794e7,2.2459775821096315e6
10,3,0.005,1.0,15848931,1.5848931e7,0,0,6.940531194185905e-7,6.940531194185905e-7,0,0.0,250000,223361,1.578488673604061e6,4234.531055900621,4275.981744421907,3561.8686534216336,3654.7942764578834,2.1126761172886672e6,1.4030449601548738e6,1.792367347557502e6,1.2964493415745278e6,hard,5.0,1.5486592061004484e7,2.370505184102526e6,1.548659745672075e7,2.3705060066797766e6
10,2,0.005,1.0,199526,199526.0,0,0,8.01900504194942e-5,8.01900504194942e-5,0,0.0,250000,250000,12325.04988399072,5296.989864864865,5450.207656612529,541.4962449451184,537.5723645026802,10777.458868655776,10345.858702312093,9251.597643560619,9035.621321788845,hard,5.0,199526.4874489796,469.9074639101733,199527.39655918366,469.4318301805964
10,3,0.005,1.0,199526,199526.0,0,0,8.520192857071259e-5,8.520192857071259e-5,0,0.0,250000,250000,10725.096354830486,2087.9026742093083,2070.7172888266023,1634.2042308696787,1628.039203001682,12504.093278464594,12522.013104528854,9808.459783886501,10166.361429183431,hard,5.0,199534.8813387755,471.22254456032516,199531.97029387756,469.62294010783745
10,2,0.005,1.0,1995262,1.995262e6,0,0,6.515435065670574e-6,6.515435065670574e-6,0,0.0,250000,250000,154125.1620762712,8169.584710743801,8388.253177966102,715.3900325027086,653.2758620689655,121055.15895499726,122494.37542211285,101778.56364055928,103965.48414828666,hard,5.0,1.9952855988122448e6,1481.9250037423003,1.9952907732367348e6,1489.895690272776
10,3,0.005,1.0,1995262,1.995262e6,0,0,6.515435065670574e-6,6.515435065670574e-6,0,0.0,250000,250000,150845.57882117882,3134.093687173301,3097.1676323676325,2340.385249278945,2346.5148413510747,176561.62075999656,172071.14863113436,137140.377820456,135134.4236415869,hard,5.0,1.9953490746979592e6,1517.293324299294,1.9953436228163266e6,1519.7129963602729
10,2,0.005,1.0,19952623,1.9952623e7,0,0,6.515434086034703e-7,6.515434086034703e-7,0,0.0,250000,250000,1.4705168357487922e6,14911.027397260274,17013.47641509434,723.0459770114943,635.9281437125749,742573.6689338294,745271.669938528,619005.2074006905,625872.3008413386,hard,5.0,1.9952807384179592e7,4696.797810480597,1.9952797543379594e7,4710.108405084705
10,3,0.005,1.0,19952623,1.9952623e7,0,0,5.513059611260132e-7,5.513059611260132e-7,0,0.0,250000,229964,1.940145566629956e6,4361.137872819359,4327.623212321232,3447.3101991551,3492.1484098939927,2.457278469148409e6,1.9576013923277534e6,2.1225368246424175e6,1.7430024680140507e6,hard,5.0,1.950986601517576e7,2.941175846055814e6,1.9509852985370994e7,2.9411739054428064e6
10,2,0.005,1.0,251188,251188.0,0,0,5.5735146583435515e-5,5.5735146583435515e-5,0,0.0,250000,87418,17634.72184300341,4559.826377295492,4744.226190476191,663.4061371841156,630.9963167587478,17470.978047538294,15756.801739342602,18251.067083794762,16714.830076334514,hard,5.0,235958.08854861802,59961.286875563026,235954.3494867626,59960.36666373835
10,3,0.005,1.0,251188,251188.0,0,0,5.5735146583435515e-5,5.5735146583435515e-5,0,0.0,250000,99451,17732.429190125597,2113.9426086956523,2137.109090909091,2350.234403669725,2376.7356164383564,26813.218361993855,23381.195924476593,24905.18114723487,23424.595033972637,hard,5.0,237900.95863463596,56242.307837332,237905.69151200092,56243.43581231845
10,2,0.005,1.0,2511886,2.511886e6,0,0,4.379179628374855e-6,4.379179628374855e-6,0,0.0,250000,250000,260332.1629955947,6003.161557580779,6427.366519823789,955.1402753872634,976.7045871559633,202100.94779618358,203055.73521817572,171480.09457071754,172088.0446169944,hard,5.0,2.5119314460367346e6,1665.7410896764377,2.511936640122449e6,1667.9353481425333
10,3,0.005,1.0,2511886,2.511886e6,0,0,4.379179628374855e-6,4.379179628374855e-6,0,0.0,250000,110102,248127.51225806453,3939.3216216216215,4237.419562419563,3926.782258064516,3869.292237442922,517969.9310280495,331510.64083752374,474901.9618682726,324967.0949196686,hard,5.0,2.392472584536926e6,534649.7175605854,2.392482218073871e6,534651.8745038619
10,2,0.005,1.0,25118864,2.5118864e7,0,0,4.379178931021722e-7,4.379178931021722e-7,0,0.0,250000,250000,2.7463388096774193e6,7254.494082840237,7714.7774193548385,987.9556313993174,983.1132075471698,1.1642596638666883e6,1.1486190721641365e6,999009.4737802972,981687.5011106135,hard,5.0,2.511910902070204e7,5319.446252145712,2.511910593942857e7,5294.725444952089
10,3,0.005,1.0,25118864,2.5118864e7,0,0,4.379178931021722e-7,4.379178931021722e-7,0,0.0,250000,250000,2.363691703635527e6,4198.732235294117,4060.482742751956,3151.1615960099753,3125.3994154895277,1.7772945481138409e6,1.6711653125975763e6,1.435264994233866e6,1.3786512607115447e6,hard,5.0,2.511962972014694e7,6644.796638384028,2.5119615899179593e7,6683.735220164688
10,2,0.005,1.0,316227,316227.0,0,0,4.42719944849744e-5,4.42719944849744e-5,0,0.0,250000,250000,21520.482352941177,5181.143419572553,5455.578235294118,616.1731102135026,616.9800604229607,18810.811836407207,18930.53762354694,15679.456697043786,15957.213791758093,hard,5.0,316227.9650163265,589.308539387249,316234.24422040815,591.7470193258472
10,3,0.005,1.0,316227,316227.0,0,0,4.42719944849744e-5,4.42719944849744e-5,0,0.0,250000,45623,22062.908866995072,2235.912878787879,2253.7586206896553,2233.002976190476,2233.2630057803467,46050.09412673848,37353.20379955961,48741.6457591949,44005.02724130501,hard,5.0,277319.31632326514,103887.18058535036,277325.4445264998,103889.50191734872
10,2,0.005,1.0,3162277,3.162277e6,0,0,3.4785061523705863e-6,3.4785061523705863e-6,0,0.0,250000,192912,355688.95816993463,5382.451693851945,5938.164276401564,1127.969414893617,1078.0,390931.2661383038,261392.29999023222,348431.0885811796,246340.75424052592,hard,5.0,3.078207551343182e6,508886.8280777957,3.0781972336891736e6,508885.09359234927
10,3,0.005,1.0,3162277,3.162277e6,0,0,3.4785061523705863e-6,3.4785061523705863e-6,0,0.0,250000,152023,287689.7270955166,3339.7944389275076,3353.287384315636,3137.522175290391,3181.0869115364717,436768.3973892696,306109.9018051493,362597.53512455773,283867.66219969484,hard,5.0,3.0548798293192224e6,573137.4625227111,3.0548717838637494e6,573135.9628429976
10,2,0.005,1.0,31622776,3.1622776e7,0,0,3.478505492370436e-7,3.478505492370436e-7,0,0.0,250000,250000,2.927048839378238e6,14173.316964285714,16163.939393939394,717.6201117318436,847.2875816993464,1.1326895973775485e6,1.159032517689972e6,914711.917162563,923871.2863602716,hard,5.0,3.162304378222857e7,5931.698945191101,3.1623047403742857e7,5921.069948909816
10,3,0.005,1.0,31622776,3.1622776e7,0,0,3.478505492370436e-7,3.478505492370436e-7,0,0.0,250000,250000,3.2150395992239467e6,4495.344561016013,4452.566518847007,3995.173270254287,4023.128266033254,2.831280388751629e6,2.373138267912546e6,2.31170311410661e6,2.0297006574046938e6,hard,5.0,3.1623701883979592e7,8386.897536835977,3.162368276640408e7,8409.052953338296
10,2,0.005,1.0,398107,398107.0,0,0,2.763076258392844e-5,2.763076258392844e-5,0,0.0,250000,123225,39222.63778580024,4162.816705336427,4459.837545126354,994.5104039167686,980.7201017811705,39391.287531723305,34376.49381685828,38662.97824985786,33297.71114667856,hard,5.0,381280.8052019454,80117.89556214017,381284.27844364557,80118.61336165915
10,3,0.005,1.0,398107,398107.0,0,0,4.0190200122077736e-5,4.0190200122077736e-5,0,0.0,250000,250000,22796.76176930735,2411.992838728158,2386.236950647134,1716.2851938210433,1718.1121400665606,25475.019012202425,26305.037064412452,19445.77629418175,20549.04552059091,hard,5.0,398119.018,665.3365435269526,398125.29036734696,664.2508120367354
10,2,0.005,1.0,3981071,3.981071e6,0,0,2.763075564339345e-6,2.763075564339345e-6,0,0.0,250000,248331,423906.4063829787,6429.4721377912865,6954.561571125266,983.52016985138,973.4158305462653,347612.0079534088,321168.27573182073,332214.3647134366,288864.7539328852,hard,5.0,3.899348984893006e6,564737.1104007554,3.8993466966313375e6,564736.7805399218
10,2,0.005,1.0,39810717,3.9810717e7,0,0,2.511886435001912e-7,2.511886435001912e-7,0,0.0,250000,250000,5.024662957317073e6,7132.259365994237,7666.542682926829,1153.728476821192,1174.3003533568904,2.08695282485901e6,1.940204100918808e6,1.7398789840232597e6,1.6529715652204046e6,hard,5.0,3.981108008583674e7,6781.606356644428,3.981113317517143e7,6757.412340182583
10,2,0.005,1.0,501187,501187.0,0,0,2.5938422185731075e-5,2.5938422185731075e-5,0,0.0,250000,250000,38469.08888888889,5550.849807445443,5885.711784511785,705.3423661599471,706.6916666666667,32264.185505684578,32355.735304641355,26579.967832600592,26835.183479389732,hard,5.0,501192.7803102041,743.1349424990718,501192.54545306123,744.1287728899587
10,3,0.005,1.0,501187,501187.0,0,0,2.7933685430787312e-5,2.7933685430787312e-5,0,0.0,250000,250000,33938.08087041247,2481.427892494264,2461.3291653134133,2216.6544633901703,2182.425140775091,45819.57041324074,42098.90465516419,36321.62676916038,34676.37744543383,hard,5.0,501204.49217959185,746.3115246682752,501207.2236,748.5158963229372
10,2,0.005,1.0,5011872,5.011872e6,0,0,2.194788693725618e-6,2.194788693725618e-6,0,0.0,250000,129147,520042.9519650655,5566.455696202532,5519.173913043478,860.9479166666666,892.7405405405406,251249.3674775384,213228.1322315974,251745.18794128438,218762.7923543732,hard,5.0,4.810078056127011e6,985265.4479548273,4.810104292403361e6,985270.8264083634
10,3,0.005,1.0,5011872,5.011872e6,0,0,2.593841183493912e-6,2.593841183493912e-6,0,0.0,250000,250000,393195.8658863692,3555.664868840402,3530.002194586686,2537.443798939126,2545.3288118563173,458807.2631894075,417965.8440772777,365291.5529445068,337991.78317785624,hard,5.0,5.012067514518367e6,2488.6968660320513,5.012071633653061e6,2492.6481505913057
10,3,0.005,1.0,630957,630957.0,0,0,2.2188516808593928e-5,2.2188516808593928e-5,0,0.0,250000,147040,42709.97893175074,2574.9897435897437,2560.3023738872403,2098.2231611893585,2099.3984615384616,57865.25462967139,49564.35675193634,50871.73688125225,46383.37429773349,hard,5.0,608772.5671008166,116274.32700915419,608773.2809349479,116274.47190371082
10,2,0.005,1.0,6309573,6.309573e6,0,0,1.7433826346093468e-6,1.7433826346093468e-6,0,0.0,250000,250000,656086.7731092437,6723.025784753363,7206.552220888355,944.6092089728453,955.3426395939086,463389.8716731415,465143.6007105769,396507.91654230864,394123.81523212016,hard,5.0,6.309663276873469e6,2643.5214390936194,6.309679128212245e6,2638.367038883377
10,3,0.005,1.0,6309573,6.309573e6,0,0,1.7433826346093468e-6,1.7433826346093468e-6,0,0.0,250000,112769,611837.776762402,3928.7034482758622,4102.633766233766,3048.7305785123967,3310.663076923077,1.2428328189937454e6,449128.90135142097,1.0192469009334652e6,519583.8069697695,hard,5.0,6.017034545221725e6,1.3270699581753565e6,6.01703896750457e6,1.3270709446982066e6
10,2,0.005,1.0,63095734,6.3095734e7,0,0,1.1094252426003952e-7,1.1094252426003952e-7,0,0.0,250000,250000,9.72492961235955e6,5754.127777777778,8983.850828729283,1761.0,1618.7058823529412,5.084629770487608e6,4.014271884627503e6,4.9438654661993245e6,4.277574710509911e6,hard,5.0,6.309619548125714e7,8658.840932797339,6.309620129396327e7,8641.634206509509
10,3,0.005,1.0,63095734,6.3095734e7,0,0,1.5848932037148502e-7,1.5848932037148502e-7,0,0.0,250000,250000,6.900929651340996e6,5440.449596774193,6313.650763358779,3609.505319148936,3767.529702970297,7.1904012358944565e6,6.04021105187965e6,6.894614232411106e6,5.221385359867209e6,hard,5.0,6.309644006605306e7,11260.14896269841,6.309649586210612e7,11275.183423072145
10,2,0.005,1.0,794328,794328.0,0,0,1.636603518949351e-5,1.636603518949351e-5,0,0.0,250000,250000,61870.268065268065,6210.62828713575,6771.232323232323,667.1350954478708,683.7834138486312,51739.97835654511,51274.599255193854,43653.50601326281,43296.5293838687,hard,5.0,794334.135632653,935.0087542279199,794337.0935142857,936.361996038733
10,3,0.005,1.0,794328,794328.0,0,0,1.636603518949351e-5,1.636603518949351e-5,0,0.0,250000,250000,58094.69803571429,2715.70804227118,2694.5185714285712,2345.465678198792,2354.950729927007,71943.53639924001,70118.18768817183,55213.80844086257,54972.17388671483,hard,5.0,794359.5917265306,941.7746849740153,794357.1014,943.891954319101
10,2,0.005,1.0,7943282,7.943282e6,0,0,1.636603106876981e-6,1.636603106876981e-6,0,0.0,250000,250000,661778.5294117647,8676.785256410256,8825.947899159664,735.0794473229706,721.9181818181818,457159.58003281296,462740.48941656353,377867.80976360216,385187.1658759211,hard,5.0,7.943367145967347e6,2971.739630058217,7.943375976783673e6,2965.38433796323
10,3,0.005,1.0,7943282,7.943282e6,0,0,1.258925466828447e-6,1.258925466828447e-6,0,0.0,250000,250000,832891.2645259938,4220.710191082802,4917.929878048781,4268.757874015748,4249.561567164179,1.724355564458897e6,823966.0236229432,2.1918838461936065e6,923462.101127891,hard,5.0,7.943384818416326e6,3155.4349787832775,7.943378296828572e6,3151.298114696865
10,2,0.005,1.0,79432823,7.9432823e7,0,0,1.0071403354253191e-7,1.0071403354253191e-7,0,0.0,250000,236743,1.2330486633333333e7,38725.087378640776,36854.82692307692,1354.2758620689656,1404.1016949152543,3.004300392455168e6,2.1623105152830086e6,3.0940821656995653e6,2.430354207280764e6,hard,5.0,7.771978429184484e7,1.1540014008105852e7,7.771977298558317e7,1.154001232825572e7
10,3,0.005,1.0,79432823,7.9432823e7,0,0,1.0071403354253191e-7,1.0071403354253191e-7,0,0.0,250000,247385,1.0185380326007325e7,6928.799220272905,6575.644688644688,4780.160305343511,5722.87323943662,1.0446993532905767e7,4.981240203249433e6,8.831303293978369e6,4.968175926115997e6,hard,5.0,7.779569349956061e7,1.1289400217696946e7,7.779570806290406e7,1.1289402513199309e7
15,2,0.005,1.0,100000,100000.0,0,0,0.00045,0.00045,0,0.0,250000,112495,1916.8623162423808,3546.5841807909605,3399.3703438395414,383.54980392156864,362.98734648306663,1947.7547758929115,1741.488693028114,3049.8412515833816,2901.5807588574025,hard,5.0,95353.03238290153,21060.855699983935,95352.28508302712,21060.7140539557
15,3,0.005,1.0,100000,100000.0,0,0,0.000405,0.000405,0,0.0,250000,122092,1787.778320495961,1013.3516796897279,1001.6291439600363,1820.6269469492916,1838.7801410174231,2648.411528306938,2608.3848758206514,4095.584965098473,4046.5609737819914,hard,5.0,95734.83068014894,20219.963155142726,95735.67539199945,20220.1467206938
15,2,0.005,1.0,1000000,1.0e6,0,0,1.65e-5,1.65e-5,0,0.0,250000,141382,52599.05440826053,3656.150868878357,3744.826587301587,1215.456530696333,1211.7416149068324,62487.49054243582,50820.72543791757,64953.328833264,53416.87740615769,hard,5.0,963366.1847384552,187919.34476667608,963371.5006819082,187920.38698159155
15,3,0.005,1.0,1000000,1.0e6,0,0,2.85e-5,2.85e-5,0,0.0,250000,250000,27782.93795101128,2165.7920730442,2027.3499238191976,3527.042399447426,3551.4916558357163,42177.6555758373,49959.70500196295,41226.0545023304,49626.05268260407,hard,5.0,1.0000804335877551e6,1172.552102935007,1.0000831185306122e6,1181.766813848211
15,2,0.005,1.0,10000000,1.0e7,0,0,1.95e-6,1.95e-6,0,0.0,250000,250000,486810.7604,5629.883036405887,5835.9728,1035.677028663706,1006.8826722338205,385722.92008414736,391048.19185538567,361174.9266679157,366181.46440705727,hard,5.0,1.0000186527710205e7,3350.4432814388924,1.0000201861730613e7,3357.9739418802606
15,3,0.005,1.0,10000000,1.0e7,0,0,2.1e-6,2.1e-6,0,0.0,250000,138281,425896.3590033975,3980.546898869539,3732.2475442043224,7623.008516678496,7826.7342342342345,1.3769646138245394e6,835178.4904494924,1.4440031213566815e6,962562.0578140137,hard,5.0,9.625610372641262e6,1.9001746462633696e6,9.625656272491952e6,1.9001854244996363e6
15,2,0.005,1.0,125892,125892.0,0,0,0.0003097893432465923,0.0003097893432465923,0,0.0,250000,250000,2705.584823511118,3576.5963874680306,3483.4538246268658,438.70330027637783,422.7613402876561,2387.5406987688116,2426.1849545062787,2723.9348243847867,2946.000144886709,hard,5.0,125891.73514693878,373.4196616884058,125892.28651428572,372.2284267393292
15,3,0.005,1.0,125892,125892.0,0,0,0.00032170431798684586,0.00032170431798684586,0,0.0,250000,250000,2353.0605610761027,1139.6979056544474,1111.132758425054,2018.8704840203798,2024.5308503606632,3047.0122815869677,3325.4794632867656,3342.238817152898,3955.6577091932327,hard,5.0,125898.5005510204,374.07064271594993,125900.23734693878,374.5061211407348
15,2,0.005,1.0,1258925,1.258925e6,0,0,1.5489405643703954e-5,1.5489405643703954e-5,0,0.0,250000,250000,55347.563673377066,4294.446922390723,4375.850486315313,965.1772094085408,957.9425393883225,52438.621642152335,52843.3782098679,49222.0933375858,49397.09710578657,hard,5.0,1.2589506095632652e6,1177.427924199063,1.2589532074938775e6,1180.6517183255123
15,3,0.005,1.0,1258925,1.258925e6,0,0,2.025537661099748e-5,2.025537661099748e-5,0,0.0,250000,61869,40127.6914712878,2417.8358315488936,2353.437669376694,4127.936940775458,4262.328394072887,95242.32655741349,86800.0885992846,135679.20260000386,112527.51964658934,hard,5.0,1.148345671244439e6,356503.1177269005,1.148365686278992e6,356509.4712034437
15,2,0.005,1.0,12589254,1.2589254e7,0,0,1.3106415995737316e-6,1.3106415995737316e-6,0,0.0,250000,250000,764569.8048579663,5136.579409417398,5250.848497324002,1336.43273635985,1355.8769363166953,590287.2586040996,584708.670651496,585443.0635200485,578244.7468801921,hard,5.0,1.2589521161391838e7,3843.5358658260566,1.258953542887347e7,3838.2518647723305
15,3,0.005,1.0,12589254,1.2589254e7,0,0,1.6680893085483858e-6,1.6680893085483858e-6,0,0.0,250000,156895,520606.16400220507,4299.736208920188,3921.6712441636914,6759.864205892313,7191.42498430634,1.279455414459784e6,2.448835754699136e6,1.5066007155105558e6,2.343251428204373e6,hard,5.0,1.2175661493057704e7,2.246132925975459e6,1.2175708870199809e7,2.2461437859200784e6
15,2,0.005,1.0,158489,158489.0,0,0,0.00016089444693322564,0.00016089444693322564,0,0.0,250000,205916,5173.503098106713,2727.561301369863,2735.1173434273915,743.9799476896251,755.718415980375,5199.016120367238,5193.133639961909,5861.741140168164,6064.458222223192,hard,5.0,154548.87449979095,24690.689772251448,154546.5793266838,24690.30863268093
15,3,0.005,1.0,158489,158489.0,0,0,0.0002460738600155216,0.0002460738600155216,0,0.0,250000,250000,3091.6101819342484,1244.4004609711126,1215.2754281505127,2149.1195574255885,2175.6314937591433,3897.371349184386,4307.291277461014,4028.474193627174,4750.98355994394,hard,5.0,158495.63534693877,421.2863721551947,158498.81560816328,418.6371367292245
15,2,0.005,1.0,1584893,1.584893e6,0,0,1.0410797448155805e-5,1.0410797448155805e-5,0,0.0,250000,71612,85377.3710982659,3663.58761682243,3830.665513264129,1187.6750998668442,1175.4120734908136,101615.6196804749,69031.79629453045,124399.8209229817,80503.41119203017,hard,5.0,1.465976464615985e6,417578.0535965457,1.4659873022128146e6,417581.1398272651
15,3,0.005,1.0,1584893,1.584893e6,0,0,1.6089414238058973e-5,1.6089414238058973e-5,0,0.0,250000,250000,49088.785254883274,2455.129734675206,2272.044691740062,4154.869071518193,4187.416478072053,78627.33484066882,93269.82602426552,78566.47220531243,94113.75703664073,hard,5.0,1.5850253943306122e6,1574.31774208888,1.5850266239755102e6,1591.4424395515348
15,2,0.005,1.0,15848931,1.5848931e7,0,0,1.0410796791278856e-6,1.0410796791278856e-6,0,0.0,250000,207808,964398.0855949896,5390.409972299169,5612.002773925104,1415.2389843166543,1389.712789827973,867847.5369261616,618217.2484392885,907498.0432580088,653014.480304423,hard,5.0,1.5458535310978856e7,2.4574722962330333e6,1.5458556728679342e7,2.4574757037697146e6
15,3,0.005,1.0,15848931,1.5848931e7,0,0,1.3250105007082182e-6,1.3250105007082182e-6,0,0.0,250000,146198,651395.432819681,4101.146544307428,3767.1081153949854,6753.452176781003,7086.883220651506,1.405579395240618e6,1.2341247629127556e6,1.6177571933589412e6,1.4123994780878644e6,hard,5.0,1.5288704748424198e7,2.929074878725347e6,1.5288814922024392e7,2.9290979941236735e6
15,2,0.005,1.0,199526,199526.0,0,0,0.00015035634453655164,0.00015035634453655164,0,0.0,250000,250000,5238.506160830091,3534.9504511894997,3504.9424448767836,574.0031719532554,558.7982846775524,4796.827313273386,4915.431722480931,4688.877592313239,4998.153934499636,hard,5.0,199526.89346938775,469.6547769618704,199527.01021632654,468.95593601408956
15,3,0.005,1.0,199526,199526.0,0,0,0.0001653919789902068,0.0001653919789902068,0,0.0,250000,47273,4773.17530657748,1387.2202922525503,1322.787622322137,2759.4328499369485,2777.6316897173783,13232.078719956224,10833.709269308856,17946.132210321717,17232.917012869904,hard,5.0,175947.77784874506,64437.50531362392,175946.95387126534,64437.217584959086
15,2,0.005,1.0,1995262,1.995262e6,0,0,8.269590660274189e-6,8.269590660274189e-6,0,0.0,250000,83809,104116.64360587002,3895.297529538131,3935.9989539748954,1139.0217917675545,1129.653349001175,126731.22035714782,77986.71411738438,138195.56495419328,87824.61692243225,hard,5.0,1.8687214948927152e6,486332.4192758429,1.8687390076133437e6,486336.9572494836
15,2,0.005,1.0,19952623,1.9952623e7,0,0,8.2695894168902e-7,8.2695894168902e-7,0,0.0,250000,250000,1.283247381860465e6,5146.860045146727,5290.604186046512,1404.504739336493,1380.6694376528117,1.0017990758844224e6,963209.5910933298,961667.0960739243,923950.0818910964,hard,5.0,1.9953064195865307e7,4976.261386646216,1.9953080793016326e7,4978.884285156369
15,2,0.005,1.0,251188,251188.0,0,0,8.360271987515327e-5,8.360271987515327e-5,0,0.0,250000,47091,10050.662839248434,2679.890756302521,2713.4212721584986,930.6965761511216,928.5819672131148,15882.20654745637,11261.648973681924,19792.003990056994,14827.749803692037,hard,5.0,221361.99904967807,81267.63306687967,221353.66249316957,81264.56307104242
15,3,0.005,1.0,251188,251188.0,0,0,0.00015526219405385608,0.00015526219405385608,0,0.0,250000,250000,4863.373603282079,1455.5820370800304,1419.9275004119295,2204.970669450431,2219.9642355302776,5860.249119016551,6576.681230165799,5571.749214250968,6595.679209089518,hard,5.0,251198.1232979592,529.0751514765394,251200.70995510204,529.6506935552698
15,2,0.005,1.0,2511886,2.511886e6,0,0,6.568769442562282e-6,6.568769442562282e-6,0,0.0,250000,250000,142508.54315736803,4139.435817307693,4361.404803602702,1302.8258939580764,1310.0411099691676,146095.83438769667,141179.80657748308,142727.91711788165,136616.57891814393,hard,5.0,2.511952839526531e6,1681.664230439729,2.5119573353714286e6,1676.2953370294404
15,3,0.005,1.0,2511886,2.511886e6,0,0,1.01517345930508e-5,1.01517345930508e-5,0,0.0,250000,250000,78717.81979141402,2631.2060338940964,2450.189913317573,4077.2099782803116,4125.352200473756,118521.63317041176,139953.75362835606,118369.10094675412,142683.36021874694,hard,5.0,2.5120947538612243e6,2191.3961296963967,2.512112539469388e6,2228.2732629312195
15,2,0.005,1.0,25118864,2.5118864e7,0,0,6.568768396532582e-7,6.568768396532582e-7,0,0.0,250000,250000,1.5036150816575259e6,5439.701291079812,5640.676416819013,1274.669168230144,1286.369140625,925213.5177031619,912244.6993337282,877774.6641218729,867002.6324711156,hard,5.0,2.5119311097938776e7,5460.075782098189,2.5119291484293878e7,5470.911428859939
15,3,0.005,1.0,25118864,2.5118864e7,0,0,8.360250686496012e-7,8.360250686496012e-7,0,0.0,250000,179920,1.0335202451743013e6,4856.645794392523,4506.603897965033,7269.97277676951,7643.045814106789,3.186248537398662e6,2.1343407801549276e6,3.394855342891752e6,2.363653720417762e6,hard,5.0,2.440224121213126e7,4.1855615282847285e6,2.4402309434289962e7,4.185576468931621e6
15,2,0.005,1.0,316227,316227.0,0,0,8.063827566906052e-5,8.063827566906052e-5,0,0.0,250000,250000,10093.123179715607,3501.785943571549,3566.8663697104676,703.4033367733058,702.7341242149337,9565.209623749488,9741.328028960805,9155.075124004434,9518.57633583635,hard,5.0,316228.91817142855,589.160116669532,316231.1031673469,590.4814956154343
15,3,0.005,1.0,316227,316227.0,0,0,9.486855961065943e-5,9.486855961065943e-5,0,0.0,250000,33549,7406.398148148148,1736.1457194899817,1835.0329793180547,2564.9874161073826,2738.011244377811,18491.550171626623,13560.327273091005,43611.926877844744,25772.877473818786,hard,5.0,260867.0809135171,120192.55446194144,260866.1929314512,120192.13780414897
15,2,0.005,1.0,3162277,3.162277e6,0,0,5.217759228555879e-6,5.217759228555879e-6,0,0.0,250000,98930,181230.7319148936,4129.957081545064,4360.834570519618,1274.4873035066505,1333.4868735083533,184457.0496406484,138860.95897675492,245465.05508823704,165650.1045642226,hard,5.0,2.994050941754498e6,709868.5454333522,2.99404384016821e6,709866.8472214697
15,3,0.005,1.0,3162277,3.162277e6,0,0,8.063809716859086e-6,8.063809716859086e-6,0,0.0,250000,250000,99288.1930344572,2726.0611985779583,2546.529208348771,4050.3123488265674,4066.76440688735,140752.62871072735,168940.0721218994,144210.15054836558,173577.61529176854,hard,5.0,3.162542705632653e6,2461.1511463567263,3.162543959665306e6,2507.556182258197
15,2,0.005,1.0,31622776,3.1622776e7,0,0,4.74341658050514e-7,4.74341658050514e-7,0,0.0,250000,250000,2.2059431151960786e6,5427.377459749553,5502.008578431372,1593.7150127226464,1579.9567779960707,1.3851437349091296e6,1.3264032432706298e6,1.316688584410217e6,1.2451710369313185e6,hard,5.0,3.162340365020408e7,6364.145079763815,3.1623384589297958e7,6396.096802883437
15,3,0.005,1.0,31622776,3.1622776e7,0,0,6.640783212707195e-7,6.640783212707195e-7,0,0.0,250000,250000,1.2803590242259514e6,4055.8987155963305,3637.496159754224,6109.869559585492,6262.0782967032965,1.6721229102921248e6,2.0324827618718978e6,1.7730700827481272e6,2.133561910167984e6,hard,5.0,3.1625121701420408e7,21332.283014111705,3.1625264700383674e7,22117.83545950595
15,2,0.005,1.0,398107,398107.0,0,0,5.274963766022702e-5,5.274963766022702e-5,0,0.0,250000,36295,15756.76404494382,3097.9442446043167,3379.752808988764,733.430155210643,851.1561771561771,19473.610136232404,15743.051854975514,28612.5763148783,23475.85379462331,hard,5.0,334527.64847419714,145861.0956836788,334519.0038344783,145857.33441443776
15,3,0.005,1.0,398107,398107.0,0,0,8.289228775178532e-5,8.289228775178532e-5,0,0.0,250000,250000,9185.602456393022,1689.107135654068,1619.8946256279403,2746.955908941486,2763.462947171803,12551.705669944233,14468.911022357497,12111.261515174108,14466.28776770448,hard,5.0,398135.3433387755,676.9598774222961,398134.7393387755,677.0783414194547
15,2,0.005,1.0,3981071,3.981071e6,0,0,4.144613346509018e-6,4.144613346509018e-6,0,0.0,250000,157051,227488.92588495577,4521.880887926367,4766.396351575456,1245.4179104477612,1256.8403755868544,229738.97806989364,188270.8417694392,243611.56396467227,195560.39834314954,hard,5.0,3.850280769518122e6,709907.5574238898,3.850261957165688e6,709904.0736206372
15,3,0.005,1.0,3981071,3.981071e6,0,0,6.028528504013116e-6,6.028528504013116e-6,0,0.0,250000,250000,136691.86787940282,3009.2599342694953,2755.209794262533,4887.49833758602,4950.196194471496,231644.44330093707,286284.44944794045,234108.5883175718,290880.0934983525,hard,5.0,3.9814137718081633e6,3564.530355345587,3.9814315117224487e6,3660.705045065834
15,2,0.005,1.0,39810717,3.9810717e7,0,0,4.1446126177531545e-7,4.1446126177531545e-7,0,0.0,250000,227933,2.638549694117647e6,6556.132211538462,6907.111371629543,1379.9697386519945,1483.9304812834225,2.3257379016926973e6,1.5040851236946164e6,2.5222287912002713e6,1.5920688678543179e6,hard,5.0,3.891849534151965e7,5.894356853740458e6,3.891849006066845e7,5.894356071663402e6
15,2,0.005,1.0,501187,501187.0,0,0,4.1900528146180966e-5,4.1900528146180966e-5,0,0.0,250000,250000,20425.678629987247,3569.975649645648,3595.182364729459,925.4740644683216,909.5774517087667,20128.64160480033,20164.79901123649,18972.131938254697,19263.35795052927,hard,5.0,501198.1831959184,743.561164446306,501198.7589673469,744.1481358333652
15,3,0.005,1.0,501187,501187.0,0,0,5.98578973516871e-5,5.98578973516871e-5,0,0.0,250000,213632,12940.189921826668,1845.006809728183,1749.202867704716,3275.069447708578,3293.7705615265245,20741.505241655308,23980.51776107847,24046.052442951797,27192.055772062446,hard,5.0,489211.89797346527,76654.54910775083,489215.27501054486,76655.09079457793
15,2,0.005,1.0,5011872,5.011872e6,0,0,3.292183040588427e-6,3.292183040588427e-6,0,0.0,250000,134469,277287.998462721,4830.103766333589,5036.773773006135,1199.7366220735787,1235.9658048373644,258045.35441703966,204098.06392719314,306921.4445455525,217384.25841418083,hard,5.0,4.818453654257003e6,965650.2276689239,4.818459216816381e6,965651.3374535637
15,3,0.005,1.0,5011872,5.011872e6,0,0,5.686497979198192e-6,5.686497979198192e-6,0,0.0,250000,250000,140137.79746465708,2865.3773663780235,2703.26152228518,3374.654389195826,3428.6358617378783,186720.17809083645,219398.1066867912,189547.74078700892,223150.4367638826,hard,5.0,5.012233345351021e6,3272.46081301885,5.012251834420408e6,3324.7410375932636
15,2,0.005,1.0,50118723,5.0118723e7,0,0,2.9928934941139654e-7,2.9928934941139654e-7,0,0.0,250000,250000,3.3884592413793104e6,5401.249444855663,5533.436781609195,1520.4927768860352,1527.2091666666668,1.832395669181926e6,1.754747358191021e6,1.7866934098906172e6,1.6945562783029971e6,hard,5.0,5.0119572898840815e7,8314.595399901023,5.0119545059673466e7,8348.325227566984
15,3,0.005,1.0,50118723,5.0118723e7,0,0,4.190050891759552e-7,4.190050891759552e-7,0,0.0,250000,250000,2.038889697854427e6,4233.970126227209,3790.3497557003257,5756.019925093633,5852.70866483437,2.5988249566999916e6,3.093444156511747e6,2.7253044894659836e6,3.231757104068106e6,hard,5.0,5.01221142538e7,33325.75345828674,5.012230420937551e7,34625.06387333732
15,2,0.005,1.0,630957,630957.0,0,0,3.3282775212890894e-5,3.3282775212890894e-5,0,0.0,250000,62372,27936.12718446602,3460.592664092664,3489.9592233009707,942.0236305048335,960.5643243243243,26685.80536657734,25464.441905687756,34137.5883631619,32402.990689745948,hard,5.0,575994.5651363034,177956.73322832104,575995.056961584,177956.86396335895
15,3,0.005,1.0,630957,630957.0,0,0,4.5169480646066216e-5,4.5169480646066216e-5,0,0.0,250000,250000,17430.50181195893,1966.7423848155518,1848.0427710843373,3632.611209778521,3668.747238633445,30514.70599968565,36430.97413324891,29755.996897194666,37327.22419156552,hard,5.0,631011.1433061224,918.6498241019459,631011.7916816326,925.7380373733386
15,2,0.005,1.0,6309573,6.309573e6,0,0,3.0905419431711147e-6,3.0905419431711147e-6,0,0.0,250000,250000,302582.7143360338,5452.998964803312,5576.628038041564,1016.8191908342284,1017.0245062179956,250409.71225865182,252329.8391821446,239524.21340514542,242805.55277464792,hard,5.0,6.309695104404082e6,2662.2162278161627,6.309702738110204e6,2660.1938596633813
15,3,0.005,1.0,6309573,6.309573e6,0,0,3.8037439300567567e-6,3.8037439300567567e-6,0,0.0,250000,250000,221022.36828916395,3179.5019824302262,2941.8855819603673,4812.769825918762,4905.277367096572,315054.7181701432,392785.8809097379,346414.64397016575,425433.28871611436,hard,5.0,6.310094835942857e6,4391.1536849650265,6.310105218934694e6,4487.759867858348
15,2,0.005,1.0,63095734,6.3095734e7,0,0,2.615073786129503e-7,2.615073786129503e-7,0,0.0,250000,250000,3.6690167771084337e6,6762.731707317073,7012.3513838748495,1270.9656084656085,1231.3898071625345,2.47344688621552e6,1.7394372156914887e6,2.6376813905734024e6,1.664928930851298e6,hard,5.0,6.309649888863674e7,9041.64820126123,6.309653741967347e7,9041.137310816202
15,3,0.005,1.0,63095734,6.3095734e7,0,0,3.090541747243958e-7,3.090541747243958e-7,0,0.0,250000,250000,2.7857230698888134e6,4719.391189849174,4296.449229374433,7610.811123052123,7730.831690674753,4.259667521094954e6,5.300666921035686e6,6.217883740126786e6,5.765071759941395e6,hard,5.0,6.30987218558449e7,39987.85220615191,6.309890802284898e7,41543.61149192004
15,2,0.005,1.0,794328,794328.0,0,0,2.6437441459951055e-5,2.6437441459951055e-5,0,0.0,250000,250000,32012.46300167224,4123.647957078002,4188.292015050167,896.0012655557899,885.7924770250054,31061.1189770509,30804.40144263062,28784.327162505906,28936.735774205423,hard,5.0,794339.8604408164,937.1611648195216,794346.0751591837,941.3982091106626
15,2,0.005,1.0,7943282,7.943282e6,0,0,2.4549046603154714e-6,2.4549046603154714e-6,0,0.0,250000,250000,372574.75683394534,6130.370544457501,6390.059975520196,949.3619281045752,960.7084398976982,284823.31238865416,292442.4185277419,261094.98725143226,268467.8817512734,hard,5.0,7.943434768518368e6,2976.882294212627,7.943446436077551e6,2981.2616972727133
15,3,0.005,1.0,7943282,7.943282e6,0,0,2.6437434803397385e-6,2.6437434803397385e-6,0,0.0,250000,243315,326415.5399588925,3823.9406415761555,3450.6396580784976,6992.904997990085,7204.441599796204,759756.0743684637,863805.4817137299,846218.1454367832,942543.2569870813,hard,5.0,7.777299843073243e6,1.1384350798871475e6,7.777317934410339e6,1.1384394752204488e6
15,2,0.005,1.0,79432823,7.9432823e7,0,0,1.8883881289224735e-7,1.8883881289224735e-7,0,0.0,250000,250000,5.3525646496350365e6,6947.295580110497,7769.765557163531,1460.1486268174474,1442.7559726962456,4.2994992392910225e6,2.1177625584431537e6,3.972612560293243e6,2.1095720593109853e6,hard,5.0,7.943368330135918e7,10398.87597222799,7.943372173875919e7,10398.906262094319
15,3,0.005,1.0,79432823,7.9432823e7,0,0,2.6437433804914627e-7,2.6437433804914627e-7,0,0.0,250000,231672,3.2400134847892825e6,5268.18955629339,4918.0602610386,5883.158502449265,6602.759059122695,5.656566294892722e6,5.809646165709061e6,7.018379547590404e6,6.586248799957191e6,hard,5.0,7.768417482382032e7,1.1666006548651785e7,7.768437118911467e7,1.166604501174069e7
20,3,0.005,1.0,100000,100000.0,0,0,0.00088,0.00088,0,0.0,250000,250000,573.7495533551958,576.4296490930666,574.419676899493,1235.0965158900115,1244.9975776536903,946.1741948761457,1056.1092450444648,1496.0587920522476,1895.1008665334655,hard,5.0,100004.08526122449,332.9132905386853,100006.80276734693,333.55923455892747
20,2,0.005,1.0,1000000,1.0e6,0,0,3.2e-5,3.2e-5,0,0.0,250000,250000,23214.306488360573,3439.598380086922,3474.4448736998515,957.9386953895712,949.9441696113074,22928.783116362163,23610.29774939179,22440.564542513155,23274.99422281432,hard,5.0,1.0000223590408163e6,1052.7937225958037,1.0000193953469387e6,1053.208656845241
20,3,0.005,1.0,1000000,1.0e6,0,0,5.2e-5,5.2e-5,0,0.0,250000,250000,13610.794303580802,1792.784802529834,1621.9461939284097,4493.328212787142,4556.601093023256,22711.409244984752,41050.85360502812,25772.85508247976,45709.64283925641,hard,5.0,1.0001087632204081e6,1330.6055334539321,1.0001251617795918e6,1383.5003641915716
20,2,0.005,1.0,10000000,1.0e7,0,0,2.2e-6,2.2e-6,0,0.0,250000,250000,419859.7462956865,4063.8084488874556,4117.283997365822,1785.8308383233532,1812.5132562882393,441964.8349499006,429907.77763506275,479336.4779145133,466299.3493306746,hard,5.0,1.0000332227608163e7,3665.5260473564254,1.0000342045587756e7,3665.188028728006
20,3,0.005,1.0,10000000,1.0e7,0,0,8.0e-7,8.0e-7,0,0.0,250000,250000,140787.9951923077,228389.9224738676,201007.7695652174,47107.75,68396.0,1.0084978943062656e6,760880.6313846277,2.7031204194543487e6,733974.2465991053,hard,5.0,9.999955349534694e6,15773.255900078688,1.0000007907881632e7,6744.507818097804
20,3,0.005,1.0,100000000,1.0e8,0,0,8.0e-8,8.0e-8,0,0.0,250000,250000,6.160529495145631e6,241096.20753064798,222986.6268526591,39340.5,8465.285714285714,5.918022167904234e6,8.030750911967318e7,5.496416293496886e6,6.871631889852606e7,hard,5.0,9.999848260616326e7,355500.6104730393,9.999881834813878e7,313950.8757191813
20,2,0.005,1.0,125892,125892.0,0,0,0.0008102182823372414,0.0008102182823372414,0,0.0,250000,250000,1155.6309611754084,3765.1939751497275,3440.2498365478914,287.4235700645631,276.41972438983896,932.9033152005636,936.919154755816,1694.7557135849074,1877.8884882134535,hard,5.0,125893.07865714286,374.0663996763336,125893.85350204082,372.3770578465912
20,3,0.005,1.0,125892,125892.0,0,0,0.0005560321545451657,0.0005560321545451657,0,0.0,250000,250000,983.2968259091887,686.3372970644458,673.289678195652,1802.484390726015,1835.2669457826369,1747.239683503804,2261.6764106003507,2490.3496319208034,3422.9874636504137,hard,5.0,125902.66877142857,376.87104345236156,125902.44250204082,375.43130338585144
20,2,0.005,1.0,1258925,1.258925e6,0,0,1.7475226880076254e-5,1.7475226880076254e-5,0,0.0,250000,37707,45302.09798994975,3051.88745148771,3124.450248756219,1430.279588336192,1461.428338762215,104509.97526307724,56266.40097828859,129153.68920739327,74100.78645109733,hard,5.0,1.06654094673923e6,453027.40845772444,1.066534079401963e6,453024.48909328034
20,3,0.005,1.0,1258925,1.258925e6,0,0,4.1305081716543876e-5,4.1305081716543876e-5,0,0.0,250000,250000,17124.04452149155,1894.5081649792376,1705.3867130307467,4462.231678090399,4546.584351216762,27827.98726296496,50782.89034808032,31412.989237035014,55074.6866533007,hard,5.0,1.2590707548081633e6,1541.5589331725214,1.259074988755102e6,1611.5030841564524
20,2,0.005,1.0,12589254,1.2589254e7,0,0,1.7475221327649756e-6,1.7475221327649756e-6,0,0.0,250000,114481,495119.83955739974,4318.71846044191,4351.812154696133,1647.2992580379225,1669.816375198728,567569.6082242293,502548.05854538054,776425.4151831234,591180.6354330028,hard,5.0,1.201467928962103e7,2.628061612509726e6,1.2014694147231026e7,2.628064894572882e6
20,3,0.005,1.0,12589254,1.2589254e7,0,0,3.495044265529951e-6,3.495044265529951e-6,0,0.0,250000,104642,205099.80851612904,3459.824012459295,3152.6357921744707,5563.428330238055,5938.460706235913,541237.1606349332,816192.8022064647,1.1347112623106039e6,1.0149417597567274e6,hard,5.0,1.1958541553852793e7,2.74840363064055e6,1.195847569562032e7,2.748579862832383e6
20,2,0.005,1.0,158489,158489.0,0,0,0.00047952854772255487,0.00047952854772255487,0,0.0,250000,250000,1663.4666353014977,3383.0016508460585,3202.0413992800127,377.9984067085954,368.75031776294884,1460.1723045991994,1481.1347933907884,2048.5061905116568,2270.1513346628794,hard,5.0,158489.39962857144,417.1561810936954,158489.65202040816,418.95325936673885
20,3,0.005,1.0,158489,158489.0,0,0,0.00044167103079709,0.00044167103079709,0,0.0,250000,250000,1332.8551167537846,797.5550079104296,778.9349464943332,2010.6747619633916,2045.9718228451702,2101.0956573131357,2689.108130194496,2736.6564737121525,3721.433687625782,hard,5.0,158501.85552244898,422.20273856206626,158502.12692244898,422.2848545599113
20,2,0.005,1.0,1584893,1.584893e6,0,0,1.640489294860915e-5,1.640489294860915e-5,0,0.0,250000,250000,48619.78195007468,3337.6448047162858,3398.339876253467,1271.0270705768612,1282.6155270034844,49844.990155343745,51783.12738829691,50590.58970871009,52392.39856943943,hard,5.0,1.5849391226857144e6,1329.1019198311626,1.5849380825346939e6,1327.6040316030592
20,3,0.005,1.0,1584893,1.584893e6,0,0,3.659553042382041e-5,3.659553042382041e-5,0,0.0,250000,250000,18894.27959021285,1909.7121399468915,1756.963897554094,3660.1091859813664,3704.610888613308,27301.555514060452,44713.59176984451,29682.13412027816,47779.998527678625,hard,5.0,1.5850409210612245e6,1664.809363980793,1.585046610244898e6,1676.399410080861
20,2,0.005,1.0,15848931,1.5848931e7,0,0,1.640489191353032e-6,1.640489191353032e-6,0,0.0,250000,250000,496071.96135552914,4862.82091886608,4938.610978993262,1226.2956345177665,1222.1287067545304,392462.3015243812,409551.5943770425,376845.74508691224,394327.8233833393,hard,5.0,1.584929848382857e7,4296.499897885226,1.584931070495102e7,4294.89012759135
20,3,0.005,1.0,15848931,1.5848931e7,0,0,1.640489191353032e-6,1.640489191353032e-6,0,0.0,250000,250000,368017.9311543811,82025.20658888126,39850.66112759644,21019.39116719243,11327.381651376147,1.0882145113486967e6,4.987101355222835e6,1.8473510658530002e6,5.436231468074808e6,hard,5.0,1.5849081410085713e7,10435.598658375098,1.5849022845595919e7,29365.502934626435
20,2,0.005,1.0,199526,199526.0,0,0,0.00022052263865360904,0.00022052263865360904,0,0.0,250000,94906,3346.676986787616,2424.6595786963435,2414.334580543521,692.6811235026848,696.0036824877251,3835.4452542966346,3432.726319485381,5639.730861379553,5098.709245210263,hard,5.0,188432.49686339064,45724.55594062785,188434.2083731898,45724.99755136476
20,3,0.005,1.0,199526,199526.0,0,0,0.00038090273949259744,0.00038090273949259744,0,0.0,250000,250000,1654.1649064538483,906.2447368421052,883.780343442501,2033.0203544575725,2058.330991975561,2216.714359538566,2703.7592908365655,2687.4414347068046,3496.800824312504,hard,5.0,199538.98025714286,471.38701060618445,199541.30160816325,471.3623179046165
20,2,0.005,1.0,1995262,1.995262e6,0,0,1.1026120880365587e-5,1.1026120880365587e-5,0,0.0,250000,56501,80635.00403225806,3331.8934356351238,3223.9194198227237,1680.204476093591,1705.325404376784,104729.255471798,82097.28157272273,147073.75513331447,112036.98353762497,hard,5.0,1.8016544138366245e6,590721.5249937046,1.8016607498689345e6,590723.5933992923
20,3,0.005,1.0,1995262,1.995262e6,0,0,2.6061740262682296e-5,2.6061740262682296e-5,0,0.0,250000,250000,27161.689667990984,2085.0633304123344,1883.502945405631,4415.4685636394615,4489.1448139501645,41989.412528650086,74865.1028503846,47022.32517563039,80465.47728457752,hard,5.0,1.9954752375632653e6,2130.180043291466,1.9955034054244899e6,2230.0321585015536
20,2,0.005,1.0,19952623,1.9952623e7,0,0,1.1026119222520265e-6,1.1026119222520265e-6,0,0.0,250000,250000,810731.5274353877,4526.0555445348145,4521.852087475149,1675.9433106575964,1684.7973140495867,711026.1409078117,702110.7966314846,734173.3594530283,732447.7423589176,hard,5.0,1.995321038507755e7,5292.403356897135,1.9953219083179593e7,5303.847682155916
20,3,0.005,1.0,19952623,1.9952623e7,0,0,1.0023744747745696e-6,1.0023744747745696e-6,0,0.0,250000,250000,480033.4862385321,193032.42465753425,114656.33847402598,26993.071428571428,19988.782608695652,2.0369353873992462e6,8.9314519420372e6,2.4829127607924035e6,1.0191763925201587e7,hard,5.0,1.995256038117551e7,41075.989635735794,1.9952676847946938e7,24138.598019981375
20,2,0.005,1.0,251188,251188.0,0,0,0.0001592432759526729,0.0001592432759526729,0,0.0,250000,250000,4675.984060584205,2531.9860478565747,2519.3437162016007,782.3944147181705,784.3283865779662,4580.011845031708,4723.4341068951935,4840.263394993043,5214.873691109586,hard,5.0,251191.2125102041,527.2669884399206,251191.26852244898,526.334168407362
20,3,0.005,1.0,251188,251188.0,0,0,0.00023886491392900936,0.00023886491392900936,0,0.0,250000,20090,1471.4658476658476,2016.8922097011268,1531.590783773139,1542.1842397336293,1828.3817012151537,9819.844083105005,10060.432333290677,49170.45792720391,27577.380464660102,hard,5.0,167979.0125248509,118235.27374888775,167986.36613651426,118240.48722490242
20,2,0.005,1.0,2511886,2.511886e6,0,0,1.0350788212522384e-5,1.0350788212522384e-5,0,0.0,250000,250000,79122.5278036296,3632.8092339496957,3673.953932061424,1273.9764001408946,1289.0517487508923,79173.22551549564,83073.7860332528,79108.38813323695,83166.94460433499,hard,5.0,2.511963615857143e6,1679.7926405517671,2.511966091040816e6,1680.7463115478276
20,3,0.005,1.0,2511886,2.511886e6,0,0,2.0701576425044768e-5,2.0701576425044768e-5,0,0.0,250000,250000,33819.51128598054,2169.302417551376,1964.7035086912535,4276.36022350693,4339.984912164715,49289.25346124171,85894.06027383667,55880.53882263885,91994.83480953972,hard,5.0,2.5121362084693876e6,2444.6392879620607,2.512149848979592e6,2455.1271796308424
20,2,0.005,1.0,25118864,2.5118864e7,0,0,8.758357862043443e-7,8.758357862043443e-7,0,0.0,250000,184331,1.0220058868105515e6,4519.756085918854,4861.1799904260415,1628.3055118110237,1762.3849394418114,1.144321155899412e6,938932.3462590454,1.3033206269123757e6,1.1402603757641513e6,hard,5.0,2.4419154567102175e7,4.135093891574393e6,2.4419144702460814e7,4.1350922760948753e6
20,2,0.005,1.0,316227,316227.0,0,0,0.00010751770089208068,0.00010751770089208068,0,0.0,250000,229700,6860.451357654506,2542.2700201884254,2525.693614186995,928.5969396478031,919.0488960324845,7078.24294262343,7231.863880440325,7967.649121849943,8266.78190663096,hard,5.0,309196.9385091233,46643.99205151821,309197.16967957275,46644.03330891976
20,3,0.005,1.0,316227,316227.0,0,0,0.00018341254858060822,0.00018341254858060822,0,0.0,250000,250000,3688.8403742607466,1181.5972878805228,1110.9604357798164,3335.195006084043,3412.7022537562602,6162.024372601459,9984.1066060026,7047.03454397795,11605.166930263878,hard,5.0,316257.0042938776,770.7410011871129,316261.8734612245,651.1834313219189
20,2,0.005,1.0,3162277,3.162277e6,0,0,6.957012304741173e-6,6.957012304741173e-6,0,0.0,250000,168761,125612.90937241948,3505.23899629782,3583.3435051546394,1741.8835616438357,1759.8478540772533,158492.82233585796,140509.7209753333,186291.68363786498,164524.8881243433,hard,5.0,3.065847636195431e6,544030.0002519843,3.065856127606695e6,544031.503630852
20,3,0.005,1.0,3162277,3.162277e6,0,0,1.6443847265751863e-5,1.6443847265751863e-5,0,0.0,250000,250000,42606.853900407084,2297.052193939394,2069.7723790608597,4351.273098977811,4427.3307090440785,65034.20811905562,116223.98694418401,73069.68907412059,125360.26154566169,hard,5.0,3.1625949985020407e6,3322.4619496476644,3.1626025064489795e6,4861.22590446245
20,2,0.005,1.0,31622776,3.1622776e7,0,0,6.957010984740871e-7,6.957010984740871e-7,0,0.0,250000,196556,1.3314235544642857e6,4678.96159122085,4768.26013363029,1764.8097145718577,1833.406812652068,1.7196950947944103e6,1.1269139624528678e6,1.8254367489619656e6,1.2350093917518957e6,hard,5.0,3.079822246394266e7,5.041540718009436e6,3.0798194979676962e7,5.041536408197853e6
20,3,0.005,1.0,31622776,3.1622776e7,0,0,1.3914021969481742e-6,1.3914021969481742e-6,0,0.0,250000,250000,518148.2546086027,4195.396198614999,3589.8042728237792,5854.273242429608,6190.405096935585,3.4142608884822065e6,5.499364618039886e6,3.860155496911194e6,6.442965067166191e6,hard,5.0,3.162359173662449e7,37818.84699125178,3.1623637690289795e7,39514.17875015534
20,2,0.005,1.0,398107,398107.0,0,0,8.038040024415547e-5,8.038040024415547e-5,0,0.0,250000,250000,9500.097659658866,2607.5588537956146,2620.9395573887523,1016.7517479707466,1008.9240557300475,9912.429482555463,10245.323458193207,10060.32069058525,10645.764726939728,hard,5.0,398112.6414244898,663.6676155305663,398115.2716,662.5241362639873
20,3,0.005,1.0,398107,398107.0,0,0,0.0001507132504577915,0.0001507132504577915,0,0.0,250000,66055,4439.871387163561,1303.0143027413587,1246.6176768858725,3197.819833988641,3312.633701515541,9822.774482411165,14056.102604268835,23639.741137142613,22054.614088139366,hard,5.0,365537.11772991566,109162.6938139871,365547.5466055196,109165.93944633909
20,2,0.005,1.0,3981071,3.981071e6,0,0,6.530905879347542e-6,6.530905879347542e-6,0,0.0,250000,250000,123670.44612326044,4071.6268911985267,4109.401325381047,1245.6305491836458,1242.9346023113528,116460.61099531417,120517.52678288106,116450.35657653886,121702.45521387683,hard,5.0,3.981182226085714e6,2120.965438100643,3.9811721034040814e6,2115.4291711534797
20,3,0.005,1.0,3981071,3.981071e6,0,0,1.3061811758695084e-5,1.3061811758695084e-5,0,0.0,250000,250000,53532.83378182078,2387.198241446031,2152.9821683649175,4259.762352289047,4325.710625489428,79065.16713438429,136353.72399803106,89710.6844092169,147418.8018466522,hard,5.0,3.9814735606367346e6,3518.891109064377,3.981501338269388e6,3765.2889525525416
20,2,0.005,1.0,39810717,3.9810717e7,0,0,5.526150157004206e-7,5.526150157004206e-7,0,0.0,250000,205837,1.7439899554962171e6,4757.5709779179815,5191.230666666666,2007.492853622474,2022.9354368932038,1.6980176585228075e6,1.1457856622242918e6,2.354244069490138e6,1.4114796298548724e6,hard,5.0,3.88206216990196e7,6.2023618408710165e6,3.882066250712269e7,6.202368410595874e6
20,2,0.005,1.0,501187,501187.0,0,0,6.783895033191204e-5,6.783895033191204e-5,0,0.0,250000,250000,11015.979269414027,2882.0760751565763,2898.552453397977,917.8882477725923,907.7289560859595,11150.245994173907,11550.039683446721,11299.570889020735,11989.548520698005,hard,5.0,501197.5635877551,746.7912967492576,501198.69337959186,743.94141683689
20,3,0.005,1.0,501187,501187.0,0,0,0.0001197157947033742,0.0001197157947033742,0,0.0,250000,250000,5810.697836208281,1392.7867695854145,1303.0773799187302,3417.35385410356,3479.769177621089,8503.076899284188,13757.356096343341,9413.042187532486,15223.093328529918,hard,5.0,501233.26203673467,803.8040640616015,501234.52006938774,832.9214196500642
20,2,0.005,1.0,5011872,5.011872e6,0,0,4.389577387451236e-6,4.389577387451236e-6,0,0.0,250000,250000,199917.86554044773,3720.8062977099235,3747.0751270429887,1712.993982647635,1719.1080242560993,221513.90641820472,216888.1381074056,235134.04497653924,232294.09503307258,hard,5.0,5.01204793652653e6,2489.2733097862974,5.01205141415102e6,2485.0932916705865
20,3,0.005,1.0,5011872,5.011872e6,0,0,8.779154774902472e-6,8.779154774902472e-6,0,0.0,250000,105287,80026.05482549102,3271.260654725139,3224.9075571667595,5960.620127436282,6584.989555702918,367277.2118051366,434419.9133056565,726217.9656582213,534893.5172953058,hard,5.0,4.762352179973477e6,1.090813208180188e6,4.762380192936273e6,1.0908239014219374e6
20,2,0.005,1.0,50118723,5.0118723e7,0,0,4.3895771247004835e-7,4.3895771247004835e-7,0,0.0,250000,250000,2.2769595352959796e6,4797.821943573667,4817.73314339981,1811.3246666666666,1822.8029639609297,1.4498468287454408e6,1.4901789396595173e6,1.5438197380013063e6,1.571972267509791e6,hard,5.0,5.011992846934694e7,9649.29777259767,5.0119957768530615e7,9687.138821791546
20,3,0.005,1.0,50118723,5.0118723e7,0,0,3.9905246588186215e-8,3.9905246588186215e-8,0,0.0,250000,250000,6.734415153846154e6,245000.0,242094.8649122807,0,0,742218.1410462221,3.797961029096794e7,651782.8432234877,3.2306413936190344e7,hard,5.0,5.011654015010204e7,321607.82420105836,5.011698616547755e7,288540.03920609027
20,2,0.005,1.0,630957,630957.0,0,0,5.071660984821469e-5,5.071660984821469e-5,0,0.0,250000,250000,14815.772587314155,2999.708176650634,3021.848244919504,976.122098710538,978.2251051265993,15276.383436368315,15754.054969543171,15274.336216871608,15997.060836248555,hard,5.0,630967.9897795918,836.7149603654273,630970.9976408164,836.7999984559102
20,3,0.005,1.0,630957,630957.0,0,0,9.192385534988914e-5,9.192385534988914e-5,0,0.0,250000,250000,7665.3040635217185,1529.394233173678,1413.4476339729379,3774.9613743190357,3857.6074163801186,11979.28080597649,20806.544467373256,13405.634977254571,22702.6446947962,hard,5.0,631022.236555102,938.5721407648439,631021.7341265306,951.8934289032873
20,2,0.005,1.0,6309573,6.309573e6,0,0,3.4867652692186937e-6,3.4867652692186937e-6,0,0.0,250000,97483,243240.9771167048,4481.743232791957,4927.364528301887,1511.825022665458,1612.2123348017622,519677.00780788553,259290.6719366811,708794.8029489084,288035.6129743085,hard,5.0,5.9686517575986935e6,1.4267787622930636e6,5.968644823286442e6,1.426777151033403e6
20,3,0.005,1.0,6309573,6.309573e6,0,0,8.241445181789639e-6,8.241445181789639e-6,0,0.0,250000,250000,85801.50285093674,2587.944797002829,2328.482920327772,4291.118670761477,4362.434300081268,121684.55824997017,210470.79631771732,140995.8977536204,231271.48109202468,hard,5.0,6.31017529467347e6,5958.586889470906,6.310232232477551e6,5279.387952035892
20,2,0.005,1.0,63095734,6.3095734e7,0,0,3.4867650481726704e-7,3.4867650481726704e-7,0,0.0,250000,250000,2.6622546713665943e6,4834.191897654584,4899.109182935647,1778.2370426829268,1794.1878881987577,1.8543279380529574e6,1.7045022727419448e6,1.9436596830933457e6,1.7967622187709184e6,hard,5.0,6.309712966510204e7,12658.744503931035,6.309718891411429e7,12742.070830478779
20,2,0.005,1.0,794328,794328.0,0,0,3.5249921946601406e-5,3.5249921946601406e-5,0,0.0,250000,250000,21972.79228568792,2974.704756697649,3014.438866845068,1150.778653560831,1154.5107542030619,23013.80243806872,23582.63087639713,23303.40337783992,24024.424701506447,hard,5.0,794350.0280489796,940.465904086068,794352.8619714286,938.9832046546171
20,3,0.005,1.0,794328,794328.0,0,0,8.057125016366035e-5,8.057125016366035e-5,0,0.0,250000,250000,8528.707057982363,1571.7371780572762,1478.7458751459565,3156.670295244929,3186.7906924576814,11284.626636969282,16233.84497648775,12096.778711029867,17476.347193749578,hard,5.0,794392.8185265306,1001.3243002019614,794393.6342408163,1010.6081710995516
20,2,0.005,1.0,7943282,7.943282e6,0,0,2.7696360270225832e-6,2.7696360270225832e-6,0,0.0,250000,250000,309729.58267126366,4100.430829444528,4091.8767800929395,1637.555090655509,1632.115259990742,304758.40992075606,312376.52929081005,311198.404647928,317294.20117572526,hard,5.0,7.943542429265306e6,3123.351443466736,7.94355612267347e6,3122.0101718862925
20,3,0.005,1.0,7943282,7.943282e6,0,0,6.042842240776545e-6,6.042842240776545e-6,0,0.0,250000,250000,118657.2628455098,2859.9060222248777,2497.2680332568807,5107.60053809995,5201.840397154712,189865.64589192517,367091.46569871064,221574.23661422523,392779.788181864,hard,5.0,7.944161358391836e6,7723.93121948591,7.944228522306123e6,8885.974550918238
20,2,0.005,1.0,79432823,7.9432823e7,0,0,2.7696359224196276e-7,2.7696359224196276e-7,0,0.0,250000,250000,3.3511800861723446e6,5090.328327922078,4985.656913827655,1611.1354441512754,1618.9275488069413,1.7452145867102204e6,1.8088241673410044e6,1.7621370177087632e6,1.817913978100794e6,hard,5.0,7.943440612871836e7,11654.86828132109,7.94344121486449e7,11699.984616170013
25,3,0.005,1.0,100000,100000.0,0,0,0.001725,0.001725,0,0.0,250000,250000,189.78518280748077,328.20212297681286,330.8658620794318,723.6021167365536,734.3267561408724,418.54430626263337,436.33411393953344,1024.2110801873923,1263.6176091514117,hard,5.0,100004.67888979592,331.7227065350009,100002.51894285715,331.8850402871339
25,2,0.005,1.0,1000000,1.0e6,0,0,3.5e-5,3.5e-5,0,0.0,250000,194011,21700.998705353744,2629.2937582179597,2606.409288161401,1513.8480481431625,1505.0534476042073,30833.83161445259,28063.61341969416,37842.14576772129,33735.17424873518,hard,5.0,973584.4976853199,160473.24653115112,973581.16303813,160472.70512832585
25,3,0.005,1.0,1000000,1.0e6,0,0,9.75e-5,9.75e-5,0,0.0,250000,250000,6738.115855569824,1408.356798818025,1291.4166601201932,4048.374371378181,4152.948772303488,9567.677776968194,22248.742735040396,11477.584617232562,24991.277486282328,hard,5.0,1.0001050903836734e6,1681.29938079263,1.000117538310204e6,1333.8174829543534
25,2,0.005,1.0,10000000,1.0e7,0,0,2.75e-6,2.75e-6,0,0.0,250000,104173,305944.3294938918,3827.02546380502,3721.603970741902,2051.7876684360963,2089.1956437183976,370816.8507302268,326442.8525668618,461933.23806140356,422132.9398790765,hard,5.0,9.496256841952952e6,2.1879209198853336e6,9.496262894104242e6,2.187922434182044e6
25,3,0.005,1.0,10000000,1.0e7,0,0,8.0e-6,8.0e-6,0,0.0,250000,250000,83586.7649050957,2704.860126251063,2221.706064658224,6233.702555736813,6435.940439076145,139620.9340968176,508543.3537219768,193221.4502208092,565662.4340498333,hard,5.0,1.0000780091632653e7,58686.80162378471,1.0000838596857144e7,58831.370734020835
25,2,0.005,1.0,100000000,1.0e8,0,0,2.75e-7,2.75e-7,0,0.0,250000,250000,3.0378531473029046e6,4723.537421310329,4608.614799446749,1989.4921032840311,1972.9378405151065,1.736694710756255e6,1.8506729972076365e6,1.9071562047268304e6,2.0212449651345431e6,hard,5.0,1.0000244230277552e8,18096.877567504067,1.0000250683825715e8,18327.163527468336
25,3,0.005,1.0,100000000,1.0e8,0,0,1.25e-7,1.25e-7,0,0.0,250000,250000,1.950520405982906e6,243136.70739130434,219689.62803819444,0,17799.0,3.747500965371897e6,7.197276486665706e7,4.835165326351721e6,6.724461763384336e7,hard,5.0,9.99993131304e7,187284.63896170488,9.999489236626531e7,710456.6831631443
25,3,0.005,1.0,125892,125892.0,0,0,0.0009333396879865281,0.0009333396879865281,0,0.0,250000,25356,280.6364381661096,364.16492524634725,369.55028528901016,937.3953586895124,930.854102492299,1083.0917780803381,4000.2271196809625,6459.203375353691,13562.162859567337,hard,5.0,94969.75618982119,54197.13889203909,94983.25397917077,54194.41517343021
25,2,0.005,1.0,1258925,1.258925e6,0,0,2.5815676072839923e-5,2.5815676072839923e-5,0,0.0,250000,250000,29498.943279083785,2705.21942489687,2672.907353827607,1645.0861344537816,1646.4615715162677,35695.737012489466,37763.67352655219,39242.33854508077,41941.06554278099,hard,5.0,1.2589677631918367e6,1195.6234314249887,1.2589780109020409e6,1199.3515395191364
25,3,0.005,1.0,1258925,1.258925e6,0,0,7.148956450940287e-5,7.148956450940287e-5,0,0.0,250000,160540,9264.995830341217,1682.1137133499337,1440.5841933731667,4930.823308181753,4983.80720561551,24416.95153262324,62742.909216593835,69581.79086986347,126468.96685792776,hard,5.0,1.2185002255368393e6,222266.50603132093,1.2185906096052462e6,222085.63116088358
25,2,0.005,1.0,12589254,1.2589254e7,0,0,2.1844026659562193e-6,2.1844026659562193e-6,0,0.0,250000,250000,390130.6472982599,3925.0924197353575,3867.6361046097486,2147.9130066673724,2164.734963787131,485618.61364596663,483660.82568985276,554085.469906086,550691.5086535467,hard,5.0,1.2589795456044897e7,5446.505019573852,1.2589818872559184e7,5513.084701038785
25,3,0.005,1.0,12589254,1.2589254e7,0,0,6.553207997868658e-6,6.553207997868658e-6,0,0.0,250000,250000,101640.11942542423,2734.1353481444708,2289.70031541048,5710.787389793423,5863.891918538374,156228.71790008372,565402.3921363689,209783.38927502633,621671.8424654758,hard,5.0,1.2590564722783674e7,48204.09674615952,1.2590532287791837e7,62556.950052898675
25,3,0.005,1.0,158489,158489.0,0,0,0.0008044722346661282,0.0008044722346661282,0,0.0,250000,250000,508.39939973321475,485.96328154839046,481.7,1342.3900720650197,1365.7924194084414,998.6410406461306,1231.8712559725998,1673.9760537252528,2235.4023655913616,hard,5.0,158501.60773469388,419.86486587388976,158501.37538367347,420.165223294282
25,2,0.005,1.0,1584893,1.584893e6,0,0,2.0506116185761438e-5,2.0506116185761438e-5,0,0.0,250000,250000,36066.50350083649,2860.286221945137,2836.153912881839,1565.695743329098,1566.325083654271,40073.0881343222,43225.02515318293,42556.807903530935,46229.1276964573,hard,5.0,1.5849519949510205e6,1335.9240498328188,1.5849586124734695e6,1335.7195693760266
25,3,0.005,1.0,1584893,1.584893e6,0,0,5.520877434628079e-5,5.520877434628079e-5,0,0.0,250000,250000,12111.447582496048,1742.8212041018855,1503.2215303722153,5253.015727804136,5420.061647473347,20486.975338258195,70442.53955340493,26090.291134854073,79072.4560031141,hard,5.0,1.5850942418979593e6,2510.585376475139,1.5850891831632652e6,5899.7288783532285
25,2,0.005,1.0,15848931,1.5848931e7,0,0,2.2083508345136967e-6,2.2083508345136967e-6,0,0.0,250000,250000,348881.78577379714,4330.588204701477,4338.030618621121,1391.8784625295255,1404.3112233928186,302313.87003554497,324661.5378852117,313490.5646325215,336635.51676202816,hard,5.0,1.5849391486804081e7,4396.744205052765,1.5849411875032652e7,4397.927923073613
25,2,0.005,1.0,199526,199526.0,0,0,0.0004385393382316089,0.0004385393382316089,0,0.0,250000,250000,1712.3690755513844,2351.7264638691836,2283.536321543909,551.9953348748529,539.6650919255147,1572.7892074590823,1601.0171442151175,2205.407780603224,2461.490824788749,hard,5.0,199526.3870122449,469.4921985711513,199524.61327755102,469.18029980373836
25,3,0.005,1.0,199526,199526.0,0,0,0.0005513065966340227,0.0005513065966340227,0,0.0,250000,250000,822.0501067192608,586.843349406092,572.0104524242838,1849.037328241252,1892.2584660312598,1678.1650784128353,2818.888498175824,2527.442616113518,4194.18139247802,hard,5.0,199545.92973469387,483.04076974071876,199546.67106530612,485.04235566184826
25,2,0.005,1.0,1995262,1.995262e6,0,0,1.6288587664176433e-5,1.6288587664176433e-5,0,0.0,250000,250000,47477.338571335036,2997.093618697479,2987.6872258233484,1619.0699839271363,1626.7319842382956,54457.14935195661,58506.12450733885,58965.264796473086,63977.5425057554,hard,5.0,1.9953396576081633e6,1509.6321268215452,1.9953428146e6,1512.7910629901144
25,3,0.005,1.0,1995262,1.995262e6,0,0,4.761279471066958e-5,4.761279471066958e-5,0,0.0,250000,250000,13773.20550210788,1720.4773677871456,1548.3315318031093,4342.3470515556555,4429.905038417381,19855.179626846202,55520.480770049784,23538.560142829923,59751.36813354115,hard,5.0,1.9954557461795919e6,5528.997560008446,1.9954907093387756e6,5397.480564810745
25,2,0.005,1.0,19952623,1.9952623e7,0,0,1.3782649028150335e-6,1.3782649028150335e-6,0,0.0,250000,223815,610522.8054640307,4131.977721376198,4093.3668403730117,2071.083922261484,2106.595394736842,743687.54170747,611940.876663101,971012.1451127197,743336.6831173996,hard,5.0,1.9497515753718894e7,2.9812790818818044e6,1.94975290904874e7,2.981281212391232e6
25,3,0.005,1.0,19952623,1.9952623e7,0,0,3.383013852364173e-6,3.383013852364173e-6,0,0.0,250000,250000,182379.53004451038,22104.68989620843,11023.447742842087,16272.192895497728,15810.252873563219,604085.5758173487,4.1059893561567515e6,3.1102086820282093e6,4.866844780049416e6,hard,5.0,1.9952821015661225e7,23568.798860600065,1.9951076611710206e7,175941.06343861442
25,2,0.005,1.0,251188,251188.0,0,0,0.00021895950443492524,0.00021895950443492524,0,0.0,250000,199459,3287.7359113173497,2023.612221468455,2000.644039905379,904.4580395483221,894.602005640865,3609.59985238145,3556.2377825880435,5167.20846548261,5008.3034114696275,hard,5.0,244734.1050349945,39757.190517353796,244733.38987652925,39757.06525930461
25,3,0.005,1.0,251188,251188.0,0,0,0.00041801359937576637,0.00041801359937576637,0,0.0,250000,250000,1188.1449592886565,695.8959636246766,671.2350375899617,2246.046064245676,2315.882076008343,2268.597840701715,4283.988266690203,3228.6352889881105,5956.472430253074,hard,5.0,251214.24838367346,549.6927266003814,251218.24731020408,555.5527931383386
25,2,0.005,1.0,2511886,2.511886e6,0,0,1.3933753363010901e-5,1.3933753363010901e-5,0,0.0,250000,250000,53986.95713812521,3206.4873312495843,3185.227095064591,1417.2919861572911,1422.1154444068943,56046.11492311995,59993.31582844441,58305.07870469338,62658.7603441639,hard,5.0,2.5119754354367345e6,1681.2416624240764,2.511974036146939e6,1677.4871850687725
25,3,0.005,1.0,2511886,2.511886e6,0,0,3.5829651504885175e-5,3.5829651504885175e-5,0,0.0,250000,50675,18677.03533251734,1993.3886123998313,1677.3773875040465,4511.126425954997,4692.32945505171,49123.624358920584,138330.7902188859,111713.53472444763,191861.57603328014,hard,5.0,2.2371811958182813e6,784325.5564241917,2.237219344017515e6,784404.2142792306
25,2,0.005,1.0,25118864,2.5118864e7,0,0,1.0947947327554302e-6,1.0947947327554302e-6,0,0.0,250000,250000,789273.9248747913,4080.7849088291746,4003.195802528023,2159.8644848183176,2170.5810042047983,759197.8470243525,803587.3096031144,873073.5469789789,904707.3033899504,hard,5.0,2.5119854557726532e7,6959.0418539902585,2.511987256995102e7,7000.66579588634
25,3,0.005,1.0,25118864,2.5118864e7,0,0,3.1848574043794338e-6,3.1848574043794338e-6,0,0.0,250000,250000,212709.41641488762,3112.992777826353,2565.6425702811243,6043.446624760863,6237.024000138031,336598.44701815175,1.1862141558698663e6,457290.40494424634,1.3175106746564277e6,hard,5.0,2.5121112670881633e7,127527.73238869585,2.5122087623044897e7,74601.73107563987
25,2,0.005,1.0,316227,316227.0,0,0,0.00015811426601776573,0.00015811426601776573,0,0.0,250000,250000,4515.4868119752355,2131.286470436354,2101.1671326893747,990.3254424971663,974.9118606247854,4697.714879220889,4921.467231324747,5130.789014932953,5638.343599621057,hard,5.0,316233.4418122449,593.0241416846779,316233.97678367345,591.566958176132
25,3,0.005,1.0,316227,316227.0,0,0,0.0003241342453364197,0.0003241342453364197,0,0.0,250000,250000,1679.268496059335,811.5047872110873,773.7280623468041,2627.784069091887,2732.748721382565,3053.3237797504694,6235.433591249223,4089.4341364200977,8080.016542010777,hard,5.0,316265.140555102,630.9235078198167,316269.4982612245,642.1255281006856
25,2,0.005,1.0,3162277,3.162277e6,0,0,1.1067974121179138e-5,1.1067974121179138e-5,0,0.0,250000,250000,67743.79938808149,3363.7533644794644,3352.659968013351,1420.226408375472,1421.8566863148924,70231.11637905896,75515.67736733405,73105.2956126839,78928.77563187409,hard,5.0,3.162382561244898e6,1890.5280393143676,3.16238161515102e6,1892.784751648039
25,3,0.005,1.0,3162277,3.162277e6,0,0,3.0041644043200518e-5,3.0041644043200518e-5,0,0.0,250000,250000,21823.75636852693,1930.7565467857062,1730.10951752754,4428.32301218736,4522.41169593351,32341.195826897474,84621.48525028245,43959.88054657263,95080.2335635078,hard,5.0,3.162626892032653e6,3055.3432965087986,3.1625984557959186e6,10505.16987366742
25,2,0.005,1.0,31622776,3.1622776e7,0,0,8.696263730926089e-7,8.696263730926089e-7,0,0.0,250000,210252,954302.8645732999,4313.969864092968,4441.914005386687,1954.7818714674481,1990.937729685586,1.5480167801198969e6,736586.4037022404,1.7664116747903656e6,855983.1910301999,hard,5.0,3.0853460866032973e7,4.874807997929112e6,3.0853531201635063e7,4.874819228705287e6
25,3,0.005,1.0,31622776,3.1622776e7,0,0,2.292651347244151e-6,2.292651347244151e-6,0,0.0,250000,250000,284661.54266130936,5197.389703944478,3641.079670975323,7954.78123967852,7769.191686574295,866238.6707806177,7.160480735618008e6,1.978719644987176e6,8.812768488928163e6,hard,5.0,3.162280729520408e7,155601.05507919998,3.1623538526240814e7,80786.45177265022
25,2,0.005,1.0,398107,398107.0,0,0,0.0001255943753814929,0.0001255943753814929,0,0.0,250000,95351,5631.475350285417,2295.0437697160883,2297.931458927183,964.1910235358512,949.2100296575896,6550.965409815621,6236.916700315072,10345.771552836057,8951.662572370182,hard,5.0,376086.58147668536,91019.78154600985,376090.8556297108,91020.8358785336
25,3,0.005,1.0,398107,398107.0,0,0,0.0002574684695320605,0.0002574684695320605,0,0.0,250000,250000,2278.9439315708637,937.0883961911215,880.0697844198231,2994.435441166974,3107.763280840659,3946.9469968126023,9377.640427027223,5207.843453978224,11760.404035886251,hard,5.0,398149.9581714286,736.471287122802,398156.1093469388,956.4117614484625
25,2,0.005,1.0,3981071,3.981071e6,0,0,8.163632349184428e-6,8.163632349184428e-6,0,0.0,250000,250000,96597.93732549596,3355.8525570068628,3334.0510653930933,1622.3635952003622,1622.1153268219384,102049.31944368867,108811.75596081765,111600.54088600738,118962.34488072971,hard,5.0,3.98121075077551e6,2145.6151607946185,3.9812250501346937e6,2142.466147479456
25,3,0.005,1.0,3981071,3.981071e6,0,0,2.0723066732545086e-5,2.0723066732545086e-5,0,0.0,250000,250000,32157.999515938438,2213.2028323901754,1865.3681827857802,5818.2274538210795,5970.631262378053,52609.47082718427,190065.58094569348,68864.29664253445,211218.46142788054,hard,5.0,3.981516729367347e6,11607.251569809616,3.9815120620285715e6,17282.429414464925
25,2,0.005,1.0,39810717,3.9810717e7,0,0,8.163630913756214e-7,8.163630913756214e-7,0,0.0,250000,250000,974377.8605417801,4574.481175789168,4472.873154650996,1533.1407811080835,1543.4806050621537,704347.1479759123,758261.079175896,741019.0430845271,793700.9965829203,hard,5.0,3.981175269473061e7,7483.615289445471,3.98117941112e7,7495.8471524010665
25,3,0.005,1.0,39810717,3.9810717e7,0,0,1.1931460566259083e-6,1.1931460566259083e-6,0,0.0,250000,250000,486447.44779299846,75901.86544637123,30332.71117092867,12563.880835380836,7251.570318021201,2.774821854212511e6,2.7102773817920312e7,5.476651330919595e6,2.5306606596496876e7,hard,5.0,3.981065285036326e7,123876.42602822567,3.981101935916326e7,66275.36449841583
25,2,0.005,1.0,501187,501187.0,0,0,9.477500414017124e-5,9.477500414017124e-5,0,0.0,250000,250000,7327.232098882364,2458.2429599275742,2438.8168860687565,992.6363416638469,988.5853588240946,7384.404154612177,7755.227504327852,7764.825078221917,8409.462656617721,hard,5.0,501195.51211836736,743.0801521909567,501199.3293020408,745.2599529424261
25,3,0.005,1.0,501187,501187.0,0,0,0.00019453816639298306,0.00019453816639298306,0,0.0,250000,73273,3020.4953930530164,1070.5708958853475,989.9668051138945,3256.764759468834,3414.0896626691915,6911.831867731021,16199.710267820095,17338.581061783756,24455.1847400205,hard,5.0,464539.7545589032,130577.2390935831,464539.7099146075,130580.78094405054
25,2,0.005,1.0,5011872,5.011872e6,0,0,5.4869717343140446e-6,5.4869717343140446e-6,0,0.0,250000,74389,147985.34770889487,3354.4417407580722,3391.7551569506727,2002.9542732716386,2113.49792746114,226359.62245674708,206430.57049091512,307654.8630900092,266432.4175012753,hard,5.0,4.650990049071179e6,1.2959309404009143e6,4.650968680453674e6,1.2959249807461791e6
25,3,0.005,1.0,5011872,5.011872e6,0,0,1.7957362039573238e-5,1.7957362039573238e-5,0,0.0,250000,250000,36381.06768796175,2161.6318992550728,1905.6068787473007,4668.084882430243,4753.995471070689,52349.018720141205,137625.0386596509,65874.98399489709,152411.72678679987,hard,5.0,5.012443601244898e6,4978.268792968912,5.012413884946939e6,17382.867942444373
25,2,0.005,1.0,50118723,5.0118723e7,0,0,5.486971405875604e-7,5.486971405875604e-7,0,0.0,250000,210440,1.4602003422509225e6,4380.762300927026,4362.076497695853,1859.7916560020476,1912.6,1.3903314438476511e6,930646.7891501432,1.7770796901923653e6,1.1186805899072075e6,hard,5.0,4.890035102797411e7,7.722565551700434e6,4.890035535890284e7,7.722566288178484e6
25,2,0.005,1.0,630957,630957.0,0,0,6.339576231026838e-5,6.339576231026838e-5,0,0.0,250000,250000,11267.4884481804,2444.969619995936,2423.9566158337107,1229.1826764341724,1217.9468547191987,12300.34973057339,13125.561430886015,13154.3630298551,14341.556692888398,hard,5.0,630977.7134040816,836.3581419252052,630973.4101346938,837.4548598449164
25,3,0.005,1.0,630957,630957.0,0,0,0.00014264046519810384,0.00014264046519810384,0,0.0,250000,35869,3458.221727639449,1472.4549979261717,1411.7071256038648,2979.8128927630246,3497.689464882943,28116.707866858615,26711.346933783178,109351.12104767608,58426.76647097179,hard,5.0,528824.9152547864,232469.47946587484,528821.4206485471,232468.161351925
25,2,0.005,1.0,6309573,6.309573e6,0,0,5.150903238618525e-6,5.150903238618525e-6,0,0.0,250000,250000,152670.4436,3610.184704184704,3595.39472,1596.3508296369312,1601.950819672131,153378.4086951366,166666.5740252993,164148.71955810775,178545.92618363153,hard,5.0,6.309800358583674e6,2756.0114118697193,6.309800273036735e6,2751.2444508084186
25,3,0.005,1.0,6309573,6.309573e6,0,0,1.5056486389807995e-5,1.5056486389807995e-5,0,0.0,250000,250000,43101.415261657276,2180.040779223768,1973.234870252312,4152.350940229532,4218.575879072769,56455.33991678998,114526.86288335809,70611.79962833565,130289.94538732621,hard,5.0,6.310233959669388e6,4672.66786092661,6.310292691146939e6,5235.266256390667
25,2,0.005,1.0,63095734,6.3095734e7,0,0,4.358456310215838e-7,4.358456310215838e-7,0,0.0,250000,245323,1.9975841436486763e6,4666.737632135307,4789.113776137761,2049.122573363431,2080.017911751857,2.198793447499981e6,1.5424260484368782e6,3.252570892288892e6,1.8636440288428543e6,hard,5.0,6.17849598398988e7,9.005184509170748e6,6.178496302626465e7,9.00518530703381e6
25,3,0.005,1.0,63095734,6.3095734e7,0,0,1.2679145629718802e-6,1.2679145629718802e-6,0,0.0,250000,250000,534536.009445697,3558.992462517971,2831.445061776362,6271.5357620176765,6531.63284935741,795824.99852887,3.2582635212257197e6,1.1158691501198243e6,3.5824788241123483e6,hard,5.0,6.30996381806898e7,344178.30399589817,6.309847420592653e7,518081.6786837615
25,2,0.005,1.0,794328,794328.0,0,0,5.035703135228772e-5,5.035703135228772e-5,0,0.0,250000,250000,14166.839629102788,2605.5089493751325,2588.037563879669,1212.4529164873009,1212.0028906375462,14767.768071143893,15702.298053223101,15265.83265222046,16553.723032804308,hard,5.0,794356.3280081633,939.4211944461586,794352.2630040817,935.0031886882916
25,3,0.005,1.0,794328,794328.0,0,0,0.00012903989284023727,0.00012903989284023727,0,0.0,250000,250000,5020.231017861673,1288.7071123348412,1192.5549796438115,3676.1691553640862,3788.7186075045324,7289.720440025,19403.525709213303,8831.470908663558,21863.618536062586,hard,5.0,794404.7586040816,1462.9682291630315,794419.3268367347,1784.2966920698943
25,2,0.005,1.0,7943282,7.943282e6,0,0,4.091507767192452e-6,4.091507767192452e-6,0,0.0,250000,250000,201514.44181034484,3743.858621581989,3721.426293103448,1664.3333038165235,1677.430796460177,223131.28538233272,232081.15482841857,242310.94010677328,255222.05481577205,hard,5.0,7.9435876837306125e6,3376.6810950017043,7.943580351179591e6,3389.4344970553498
25,3,0.005,1.0,7943282,7.943282e6,0,0,1.1330329201456022e-5,1.1330329201456022e-5,0,0.0,250000,250000,57062.24168617541,2384.9504966408435,2270.0807146497013,4526.593527821356,4747.678845322532,139513.84702862956,185391.16809369938,564439.0831282671,207559.12844654827,hard,5.0,7.943894287355102e6,20537.366670046784,7.943965547640816e6,19997.305002703648
25,2,0.005,1.0,79432823,7.9432823e7,0,0,3.4620449030245344e-7,3.4620449030245344e-7,0,0.0,250000,214719,2.4322410655737706e6,5093.459881756757,5524.519920318725,1910.19584139265,2063.654298642534,3.6454908014754206e6,1.7420634373096733e6,5.668465382600743e6,2.2160322630930725e6,hard,5.0,7.754079512123366e7,1.211694700538658e7,7.754085184102537e7,1.2116956363497604e7
