L,d,J,Jprop,NX,NY,rR_random,rH_random,rR_hosthost,rH_phagephage,rH_phagehost,rH_3body,simulation_time,GenePersisentTime,mean_establish_size,persTimeHost,persTimePhage,gapTimeHost,gapTimePhage,theta_GH,theta_GP,theta_gH,theta_gP,constraint,soft_threshold,mean_host_N,std_host_N,mean_phage_N,std_phage_N
40,2,0.005,1.0,1000000,1.0e6,0,0,0.000835,0,0.000835,0.0,200000,200000,1078.9495798319329,161685.14631197098,174806.97487437187,21.95744680851064,17.375,664.7227268655708,673.1206157473157,1174.6709018442027,1349.336565096756,hard,5.0,1.000003952097436e6,1051.2698669408448,1.000003926225641e6,1048.5759273638516
40,2,0.005,1.0,1000000,1.0e6,0,0,0.000827,0,0.000827,0.0,200000,200000,1304.3850574712644,153843.22630331753,165063.94787878788,48.859375,16.755555555555556,671.135941125713,680.8251239464198,1183.8192335974072,1367.7436790903562,hard,5.0,999998.2034051282,1050.88648635952,999997.0501897436,1052.6769876078536
40,2,0.005,1.0,1000000,1.0e6,0,0,0.000835,0,0.000835,0.0,200000,200000,1190.9692307692308,158587.26397146255,173092.68603213844,36.85245901639344,8.724137931034482,668.1671543383845,678.1032053684568,1181.8888176710998,1365.802547778013,hard,5.0,1.0000021799179487e6,1049.4755858944666,1.0000061759282051e6,1051.4263787876191
40,2,0.005,1.2589254117941673,1000000,1.0e6,0,0,0.000767,0,0.000767,0.0,200000,200000,1065.0555555555557,154255.48996458086,119137.00725388601,33.223880597014926,21.36756756756757,637.2989862640915,811.1227558491695,1031.1723802278743,1453.1293318689748,hard,5.0,999999.9421641026,1053.8229266877604,1.0000092195282051e6,1050.0127990509664
40,2,0.005,1.0,1000000,1.0e6,0,0,0.000775,0,0.0009756671941404796,0.0,200000,200000,780.65,153898.133960047,191528.3861892583,30.197183098591548,1.0,629.8468110351107,636.0782955413696,1051.960023716965,1225.8491924149,hard,5.0,1.0000009931435897e6,1050.7014574239186,1.0000027551384616e6,1051.126955600946
40,2,0.005,1.0,1000000,1.2589254117941672e6,0,0,0.000791,0,0.000791,0.0,200000,200000,1013.875,159119.55741626795,193809.43974358976,22.392857142857142,0,625.7486984748574,794.3758416329534,1068.9836050643353,1551.2703514663237,hard,5.0,1.0000021472307693e6,1051.799631507021,1.2589318822205127e6,1179.657312941379
40,2,0.005,1.5848931924611134,1000000,1.0e6,0,0,0.000731,0,0.000731,0.0,200000,200000,1082.75,163213.82317073172,64596.93080505655,13.075,30.186721991701244,595.8505987098473,950.295983615752,906.1277766605286,1565.6657487159353,hard,5.0,999999.4462974359,1051.8276419764404,1.0000026210153846e6,1050.9299529123887
40,2,0.005,1.0,1000000,1.0e6,0,0,0.000739,0,0.0011712360692287627,0.0,200000,200000,557.6666666666666,155639.84166666667,194469.16794871795,30.766666666666666,0,577.4833577984575,578.8441458042764,931.8108764817573,1105.366309878919,hard,5.0,1.0000041041076923e6,1048.5982433309955,1.0000064197384615e6,1050.1633693002952
40,2,0.005,1.0,1000000,1.5848931924611134e6,0,0,0.000755,0,0.000755,0.0,200000,200000,0,156513.8173076923,195000.0,27.51923076923077,0,591.8775489483811,944.9898761557366,1023.5945714502951,1847.6681058979025,hard,5.0,1.0000043534256411e6,1055.1124311530077,1.5848962449179487e6,1325.3500107975635
40,2,0.005,1.9952623149688795,1000000,1.0e6,0,0,0.000679,0,0.000679,0.0,200000,200000,1027.7295708406818,154017.17550058893,29293.404441846873,29.52173913043478,35.557153671461016,565.0506385415279,1129.70495108959,781.7626226597467,1658.883045874272,hard,5.0,1.0000009503179487e6,1053.1793528399407,1.000008033876923e6,1048.5612562542658
40,2,0.005,1.0,1000000,1.0e6,0,0,0.000687,0,0.0013707452103836203,0.0,200000,200000,0,159709.12439613527,195000.0,14.625,0,535.6755164128248,531.0810073145943,796.4349120766321,961.6355970657099,hard,5.0,999998.7349743589,1049.576092528517,1.000006486497436e6,1052.7255339709143
40,2,0.005,1.0,1000000,1.9952623149688796e6,0,0,0.000723,0,0.000723,0.0,200000,200000,0,151718.16433566433,195000.0,44.30769230769231,0,566.0071673159221,1132.3694104781175,957.9625025562025,2182.539300762822,hard,5.0,1.0000018979076924e6,1050.380454059372,1.9952677511384615e6,1486.575791926779
40,2,0.005,2.51188643150958,1000000,1.0e6,0,0,0.000627,0,0.000627,0.0,200000,200000,999.7411918795023,154868.87914691944,16064.220956123118,33.3125,47.7636761487965,541.1541963502144,1357.1869318255606,712.2920606070578,1857.7528725989316,hard,5.0,1.0000071136666667e6,1052.6668119297942,1.0000107521230769e6,1050.9479586038033
40,2,0.005,1.0,1000000,1.0e6,0,0,0.000647,0,0.0016251905211866983,0.0,200000,200000,0,158025.28057553957,195000.0,40.388888888888886,0,495.3882856010376,482.60438375145225,735.4134774603743,903.696511409451,hard,5.0,1.0000017323743589e6,1051.8105529815646,999996.064974359,1049.4814321907197
40,2,0.005,1.0,1000000,2.51188643150958e6,0,0,0.000703,0,0.000703,0.0,200000,200000,0,158477.4125295508,195000.0,28.196969696969695,0,539.1516739901573,1356.0700836173621,896.3787826347926,2550.9335921259417,hard,5.0,1.0000042262820513e6,1051.4188292843326,2.511895260794872e6,1662.33824569524
40,2,0.005,3.1622776601683795,1000000,1.0e6,0,0,0.000587,0,0.000587,0.0,200000,200000,1014.6632101965868,154009.1125439625,9727.190798473612,34.56164383561644,62.91158745899764,511.40628435734374,1603.5100747513575,645.507048647943,2076.106860648149,hard,5.0,999998.1567692307,1045.8408906313523,1.0000182200820512e6,1051.781740827145
40,2,0.005,1.0,1000000,1.0e6,0,0,0.000603,0,0.001906853429081533,0.0,200000,200000,0,150131.25319396053,195000.0,56.27160493827161,0,458.1644482960188,436.4125931985483,646.777260239785,802.5684026676237,hard,5.0,1.000004415748718e6,1050.7646846775099,999998.1383897436,1048.63870869187
40,2,0.005,1.0,1000000,3.1622776601683795e6,0,0,0.000687,0,0.000687,0.0,200000,200000,0,157110.00598086126,195000.0,31.75,0,515.4352659272108,1625.89999917221,852.4107138607967,3061.997773224388,hard,5.0,1.0000019529230769e6,1053.5313933044927,3.1622912721589743e6,1857.782621618386
40,2,0.005,3.9810717055349727,1000000,1.0e6,0,0,0.000543,0,0.000543,0.0,200000,200000,1059.658419623154,157995.8860911271,5971.072434863787,30.12962962962963,79.96116036162556,483.34541809032544,1891.8983758079673,584.9291615800273,2317.4968772571315,hard,5.0,1.0000061682923076e6,1051.4177085063598,1.0000351033025641e6,1050.3024433339717
40,2,0.005,1.0,1000000,1.0e6,0,0,0.000567,0,0.0022572676570383294,0.0,200000,200000,0,155668.83947681333,195000.0,39.16393442622951,0,421.3141839563972,390.1456313408165,577.0556811270327,727.6289056739287,hard,5.0,999998.8128871794,1050.413479775374,999999.5779846153,1050.933888281801
40,2,0.005,1.0,1000000,3.9810717055349727e6,0,0,0.000671,0,0.000671,0.0,200000,200000,0,157893.45728038508,195000.0,27.901960784313726,0,503.3629140312402,1994.1414738743363,836.0763265781765,3771.9007817547576,hard,5.0,1.0000049058923076e6,1052.0753252659406,3.981076733051282e6,2090.360762750459
40,2,0.005,5.011872336272723,1000000,1.0e6,0,0,0.000499,0,0.000499,0.0,200000,200000,1106.2524330739814,153440.3439716312,3751.5474469880787,59.74242424242424,97.48265833692373,455.7637594666363,2230.2248424481336,529.715667493862,2578.9048824340125,hard,5.0,1.0000144854666666e6,1052.2019333874136,1.0000494029435897e6,1051.7468653688616
40,2,0.005,1.0,1000000,1.0e6,0,0,0.000543,0,0.0027214466785960884,0.0,200000,200000,0,162847.86134969324,195000.0,35.74285714285714,0,383.29582837306435,341.2386373733956,503.21752310262826,649.2885963852843,hard,5.0,999996.2510461538,1053.4966093124274,1.0000032834e6,1050.2749551328054
40,2,0.005,1.0,1000000,5.011872336272723e6,0,0,0.000647,0,0.000647,0.0,200000,200000,0,150598.6421800948,195000.0,29.90625,0,496.89641119472947,2479.868755871979,825.0770057859054,4677.336980639006,hard,5.0,999996.1902717949,1048.7707055829292,5.011873689697436e6,2350.470184739359
40,2,0.005,6.3095734448019325,1000000,1.0e6,0,0,0.000475,0,0.000475,0.0,200000,200000,1150.6978572795103,165058.32389162562,2723.356264228187,60.3125,105.87353620880508,415.610075155579,2540.5778154961567,474.4480141274552,2861.450010807435,hard,5.0,1.0000148184410257e6,1051.551013907237,1.0000716178153846e6,1049.6836425080744
40,2,0.005,1.0,1000000,1.0e6,0,0,0.000499,0,0.003148477148956164,0.0,200000,200000,0,155158.91537544696,195000.0,90.0,0,360.23451577916063,307.2945177498503,456.7367101852516,594.5374871209624,hard,5.0,999999.1757846153,1055.1596704360886,999999.2207948718,1050.0938285689488
40,2,0.005,1.0,1000000,6.309573444801932e6,0,0,0.000643,0,0.000643,0.0,200000,200000,0,156676.53992848628,195000.0,34.94915254237288,0,480.12449591986,3007.779416641674,769.4183912619643,5491.1575671490455,hard,5.0,1.000000701974359e6,1051.3960770887898,6.309588687748718e6,2638.984935781397
40,2,0.005,7.943282347242815,1000000,1.0e6,0,0,0.000419,0,0.000419,0.0,200000,200000,1242.6406001742607,152481.50589622642,1790.7983856502242,73.0,124.10238126051507,398.3167822455451,3035.8361214206257,439.5837728624053,3283.1312674136825,hard,5.0,1.0000051018769231e6,1051.916187028317,1.0001104469076924e6,1049.7746474244393
40,2,0.005,1.0,1000000,1.0e6,0,0,0.000483,0,0.0038366053737182793,0.0,200000,200000,0,154885.41294117647,195000.0,105.15714285714286,0,330.0125548732768,262.3354357322968,394.26673995008997,527.6042340404105,hard,5.0,1.0000028622307692e6,1047.2295585767288,1.000004892451282e6,1050.9101096950278
40,2,0.005,1.0,1000000,7.9432823472428145e6,0,0,0.000627,0,0.000627,0.0,200000,200000,0,152551.05614035088,195000.0,34.22666666666667,0,479.4358483741634,3777.4408566211987,779.4285192931371,6979.383385546044,hard,5.0,1.0000024520615385e6,1052.460157658102,7.943315161933334e6,2955.8321081090903
40,2,0.005,0.1,1000000,1.0e6,0,0,0.001427,0,0.001427,0.0,200000,200000,0,161083.61158021714,195000.0,133.46938775510205,0,1264.527483877558,309.30690712727534,2543.402589200328,694.3481630173948,hard,5.0,999996.3054153846,1047.829737387246,1.0000027722307693e6,1053.155468516889
40,2,0.005,1.0,1000000,1.0e6,0,0,0.002415,0,0.00024150000000000002,0.0,200000,200000,2747.186912541402,151124.4018583043,11537.95730779558,62.48148148148148,165.6486096411046,894.0031206185313,879.823382284425,5686.489955575012,5887.116200583224,hard,5.0,1.0000011318205128e6,1048.5212359913367,999996.6204153846,1052.4348657004443
40,2,0.005,1.0,1000000,100000.0,0,0,0.001779,0,0.001779,0.0,200000,200000,7976.888888888889,155549.29151732379,976.2621694502436,18.50877192982456,337.893816780522,1173.4158215287455,182.49331574639825,2674.906599511786,388.48787600961384,hard,5.0,1.0000021604717949e6,1049.7111390257944,100000.13675384615,331.21973481630624
40,2,0.005,0.12589254117941673,1000000,1.0e6,0,0,0.001371,0,0.001371,0.0,200000,200000,0,149332.76306620208,195000.0,40.2962962962963,0,1217.1099540507207,309.2295577433717,2549.5615089808302,720.8200866403879,hard,5.0,1.0000019293641025e6,1052.9711166254046,999997.6240923076,1049.1313432911272
40,2,0.005,1.0,1000000,1.0e6,0,0,0.002007,0,0.0002526663301470894,0.0,200000,200000,2692.841682242991,153003.33022170363,12046.393310911808,43.23376623376623,160.54816606207174,916.3257716052992,900.0616096730917,4838.383638857781,5043.041463348997,hard,5.0,999998.7491538462,1052.2054654213566,1.000007703923077e6,1052.9641403504672
40,2,0.005,1.0,1000000,125892.54117941673,0,0,0.001647,0,0.001647,0.0,200000,200000,8613.742574257425,161047.30346475507,1219.9738894984248,33.98245614035088,298.28256921687785,1172.2079820687206,201.18048908314282,2609.225058809426,446.06934126735604,hard,5.0,1.0000016463282051e6,1046.753024882345,125893.87637948718,372.8169406880209
40,2,0.005,10.0,1000000,1.0e6,0,0,0.000367,0,0.000367,0.0,200000,200000,1343.2049653579677,153421.68127962085,1241.7612829324169,116.078125,136.36706816189024,379.91686015102226,3610.200229085929,412.60064274413133,3821.6795080570732,hard,5.0,1.0000147040871795e6,1051.5447396416914,1.0001664420051283e6,1050.3289595195554
40,2,0.005,1.0,1000000,1.0e6,0,0,0.000459,0,0.00459,0.0,200000,200000,0,151582.54888103652,195000.0,64.2463768115942,0,309.73347008765074,226.364197033317,342.70910822900066,470.03396864121305,hard,5.0,1.0000053758153847e6,1051.4861949030085,1.0000049175282051e6,1051.1739155631947
40,2,0.005,1.0,1000000,1.0e7,0,0,0.000627,0,0.000627,0.0,200000,200000,0,160400.58513189448,195000.0,51.888888888888886,0,467.0536504130519,4631.757235950343,752.960452805618,8498.24311602888,hard,5.0,1.0000053253846153e6,1046.8950809029295,1.0000016200210257e7,3329.1196840378875
40,2,0.005,0.15848931924611134,1000000,1.0e6,0,0,0.001319,0,0.001319,0.0,200000,200000,0,153815.79569892472,195000.0,47.75438596491228,0,1159.0154133403662,313.2942402004517,2423.450613372042,755.0338329933576,hard,5.0,999997.2327692307,1049.0610219831203,999996.5491589743,1050.0326934383186
40,2,0.005,1.0,1000000,1.0e6,0,0,0.001739,0,0.00027561292616898764,0.0,200000,200000,2555.280296950241,158384.72953736654,12961.828284854564,46.34920634920635,142.02633297062025,914.0606859826491,905.9371305691903,4149.945540134774,4358.85598443044,hard,5.0,999995.5188205128,1053.0816868745771,1.0000064634256411e6,1049.1225889244693
40,2,0.005,1.0,1000000,158489.31924611135,0,0,0.001519,0,0.001519,0.0,200000,200000,7048.2539184952975,154442.2352245863,1555.405928687391,29.606060606060606,252.8256388467375,1141.0151899221808,225.9525629502501,2477.402766915115,508.8718471601856,hard,5.0,1.0000063330564103e6,1049.882829001489,158487.69614358974,418.02847862567575
40,2,0.005,0.19952623149688797,1000000,1.0e6,0,0,0.001267,0,0.001267,0.0,200000,200000,0,149841.33686690225,195000.0,29.55072463768116,0,1083.310776853761,319.6700307525634,2304.8957946682417,799.7968156963382,hard,5.0,1.0000040038820513e6,1050.4439346625497,1.0000060740666667e6,1051.1219099476148
40,2,0.005,1.0,1000000,1.0e6,0,0,0.001519,0,0.00030308034564377283,0.0,200000,200000,2413.8594256600277,158825.21916167665,14563.758365173093,45.18181818181818,128.8762886597938,900.3537330868643,900.6032730117246,3423.1512083897046,3647.640288469212,hard,5.0,1.0000079392e6,1048.402098751839,1.0000009456102564e6,1048.6432732647309
40,2,0.005,1.0,1000000,199526.23149688798,0,0,0.001379,0,0.001379,0.0,200000,200000,5138.072872788543,153677.61294117649,2027.5926047805667,28.285714285714285,212.2904168054,1115.7818540205958,259.53703137405824,2346.065285352661,587.8928454524196,hard,5.0,1.0000051775948718e6,1049.2959740232009,199527.16101538463,470.0364172070972
40,2,0.005,0.251188643150958,1000000,1.0e6,0,0,0.001207,0,0.001207,0.0,200000,200000,0,155532.0561529271,195000.0,37.0,0,1011.9625989716862,333.28050042683185,2148.0680404123464,855.7130310199102,hard,5.0,999998.9236923077,1050.1449926680996,999998.7806307692,1047.9851918165116
40,2,0.005,1.0,1000000,1.0e6,0,0,0.001319,0,0.0003313178203161136,0.0,200000,200000,2247.6967427929612,145763.56851642128,15516.562765160968,34.83495145631068,113.275228089577,906.8487736113137,908.6589858866125,2942.593342802804,3144.620950206135,hard,5.0,999997.868697436,1050.9308602250408,1.0000055683794871e6,1051.3278408498145
40,2,0.005,1.0,1000000,251188.643150958,0,0,0.001283,0,0.001283,0.0,200000,200000,3618.687578814628,155603.10714285713,2881.3688527943705,22.1,160.52290869782138,1042.2599385763667,291.504049331198,2135.5102398668346,656.1780161404854,hard,5.0,1.0000048551282051e6,1051.3096308385584,251189.41733333335,525.0475881454456
40,2,0.005,0.31622776601683794,1000000,1.0e6,0,0,0.001147,0,0.001147,0.0,200000,200000,0,156465.9628297362,195000.0,15.592592592592593,0,937.8884038594464,353.4058283215285,1993.8989328214004,902.5119696338713,hard,5.0,1.0000009801025641e6,1053.082089445645,1.0000008578871795e6,1051.8576271170418
40,2,0.005,1.0,1000000,1.0e6,0,0,0.001207,0,0.0003816869135823234,0.0,200000,200000,2053.6165530068197,150039.88665879576,18661.65473423214,35.07462686567164,96.9111581173982,881.7934204139821,888.0901963503674,2549.84336142656,2772.1245556750773,hard,5.0,1.0000007476307693e6,1050.364610878408,1.0000111814410257e6,1052.0003046603736
40,2,0.005,1.0,1000000,316227.76601683797,0,0,0.001179,0,0.001179,0.0,200000,200000,2587.9792504930965,155904.94332939788,4278.074625071379,24.238805970149254,123.80140337918937,983.9233385071523,335.0609297112692,1987.660806588509,750.2597180002066,hard,5.0,1.000001096374359e6,1050.9509772601523,316228.13767179486,592.6417539497824
40,2,0.005,0.39810717055349726,1000000,1.0e6,0,0,0.001079,0,0.001079,0.0,200000,200000,3181.5,159474.25180722892,194726.1512820513,39.96,0,879.9354884306715,390.01351386170296,1835.9188644348799,987.7456211706516,hard,5.0,1.0000008283435898e6,1051.8967940210903,1.000001340723077e6,1050.4293191437407
40,2,0.005,1.0,1000000,1.0e6,0,0,0.001111,0,0.0004422970664849355,0.0,200000,200000,1865.0918227501143,157786.06028368796,24141.43163172288,23.075757575757574,76.6130820399113,832.3276513737286,842.6211800097733,2037.532673859466,2233.501719220049,hard,5.0,1.0000083841179487e6,1049.7359829220238,999999.5676717949,1052.170141835095
40,2,0.005,1.0,1000000,398107.1705534973,0,0,0.001095,0,0.001095,0.0,200000,200000,1979.8750858870415,159387.58965102286,7155.112880106481,25.705882352941178,89.00122640503359,908.9474765887936,382.15413865231096,1796.1117079284556,848.3720370560764,hard,5.0,999997.2020820513,1054.4364334804684,398109.31346153846,663.8358684259531
40,2,0.005,0.5011872336272722,1000000,1.0e6,0,0,0.001011,0,0.001011,0.0,200000,200000,357.6666666666667,157158.40617577196,194358.9141025641,26.161290322580644,0,816.8232299064723,437.7195302007037,1659.3113191807986,1079.8726872192751,hard,5.0,1.0000049979333334e6,1053.0441261119913,1.0000009177076922e6,1051.4222593723737
40,2,0.005,1.0,1000000,1.0e6,0,0,0.001011,0,0.0005067002931971722,0.0,200000,200000,1658.2205687830688,152123.98247663552,32120.976751800918,27.92105263157895,61.95382585751979,809.4647197258114,822.7448873044115,1788.1060343534523,1982.7242835714542,hard,5.0,999999.3630769231,1049.9882655742633,1.0000022509487179e6,1052.2671228643135
40,2,0.005,1.0,1000000,501187.23362727225,0,0,0.001011,0,0.001011,0.0,200000,200000,1706.4968790357298,156524.2579881657,13197.94703669818,24.892307692307693,64.12101137241912,844.3807989697107,439.4752058348796,1570.551994774963,926.9532785074797,hard,5.0,1.0000008758358974e6,1054.2291628334638,501187.1056615385,744.8507204546233
40,2,0.005,0.6309573444801932,1000000,1.0e6,0,0,0.000951,0,0.000951,0.0,200000,200000,2048.8333333333335,156414.6726618705,194022.41666666666,26.944444444444443,0,757.9871803793492,497.8746329151348,1512.4213474927178,1177.5905581198151,hard,5.0,1.0000031159487179e6,1051.4457209407594,999992.1849846154,1048.3688027044716
40,2,0.005,1.0,1000000,1.0e6,0,0,0.000951,0,0.0006000404346006638,0.0,200000,200000,1494.2983606557377,156047.79285714286,53988.01366607249,22.6,38.499446290143965,755.7681470226529,768.2555551649547,1562.7314969597428,1756.0029529118283,hard,5.0,1.0000017890153846e6,1050.2576056907797,1.0000045906820513e6,1054.5953292475058
40,2,0.005,1.0,1000000,630957.3444801932,0,0,0.000951,0,0.000951,0.0,200000,200000,1525.937232905983,160358.2208737864,27154.20989941768,23.386363636363637,43.462308205470315,768.63235323246,500.19032634974997,1422.9475362985806,1047.9310326292245,hard,5.0,999997.2952153846,1051.8623099340375,630958.1571333334,831.735854472083
40,2,0.005,0.7943282347242815,1000000,1.0e6,0,0,0.000887,0,0.000887,0.0,200000,200000,1120.4285714285713,155320.1947743468,190631.63892445582,27.096774193548388,7.0,714.4443644400675,581.106555095245,1351.7942490029277,1281.7611495703509,hard,5.0,1.000003169e6,1050.0329546789715,999999.4144307693,1053.3169629241108
40,2,0.005,1.0,1000000,1.0e6,0,0,0.000895,0,0.0007109237700782319,0.0,200000,200000,1390.7607843137255,158923.35697115384,119161.37909836066,23.25,21.790816326530614,711.7295890188494,722.8091108832098,1343.772244020335,1520.8954148266491,hard,5.0,1.0000031222512821e6,1049.7873172635987,1.000005398051282e6,1049.6084765703233
40,2,0.005,1.0,1000000,794328.2347242815,0,0,0.000883,0,0.000883,0.0,200000,200000,1299.8034800409416,158351.7725631769,80134.68263943441,26.745098039215687,23.43813387423935,718.6434665892863,581.6011833451106,1296.8828800604813,1186.7230877101288,hard,5.0,1.0000046237692308e6,1049.477463228482,794329.3573179487,939.1384212524105
