L,d,J,Jprop,NX,NY,rR_random,rH_random,rR_hosthost,rH_phagephage,rH_phagehost,rH_3body,simulation_time,GenePersisentTime,mean_establish_size,persTimeHost,persTimePhage,gapTimeHost,gapTimePhage,theta_GH,theta_GP,theta_gH,theta_gP,constraint,soft_threshold,mean_host_N,std_host_N,mean_phage_N,std_phage_N
10,2,0.005,1.0,100000,100000.0,0.0003525,0.0003525,0,0,0,0.0,200000,200000,2626.8333333333335,176521.75555555554,119106.0,0,25.666666666666668,1421.9854364463567,1437.7555015638482,1218.9714561826427,1232.665344853312,hard,5.0,99998.70494871795,330.69917127641014,99999.66247179487,332.6196186789805
10,3,0.005,1.0,100000,100000.0,0.00119,0.00119,0,0,0,0.0,200000,200000,832.75,165736.53174603175,163848.12,8.666666666666666,4.2,421.3349439948378,424.41321785564617,299.6301020346448,302.0553133640791,hard,5.0,99999.55709230769,332.3817978142147,100002.16052820513,332.36709155397267
10,2,0.005,1.0,1000000,1.0e6,2.625e-5,2.625e-5,0,0,0,0.0,200000,200000,17569.4,172076.6739130435,176756.15217391305,9.0,5.0,21706.383829777362,21914.377947048833,17581.330055901162,17782.886378492516,hard,5.0,1.0000012047641026e6,1050.8082752521932,1.000004753774359e6,1054.604895292745
10,3,0.005,1.0,1000000,1.0e6,7.5e-5,7.5e-5,0,0,0,0.0,200000,200000,8543.51724137931,152933.22307692308,165429.45384615383,60.2,71.5,6968.6287007623005,7050.886471451441,5066.4427124711165,5100.465905652306,hard,5.0,1.0000057062820513e6,1053.3890281366675,1.0000033413692308e6,1050.8476118115996
10,2,0.005,1.0,10000000,1.0e7,1.9249999999999998e-6,1.9249999999999998e-6,0,0,0,0.0,200000,200000,326830.1538461539,139612.0980392157,146438.85416666666,94.66666666666667,113.33333333333333,252389.4540456389,256747.85708525652,208197.48963515612,212436.16741501403,hard,5.0,1.0000061414533334e7,3333.177944185429,1.0000069294441026e7,3328.098949261706
10,3,0.005,1.0,10000000,1.0e7,6.5e-6,6.5e-6,0,0,0,0.0,200000,200000,86527.0,184777.9836065574,173911.50793650793,63.5,33.0,97974.10739785146,99416.07586325928,67784.22662064445,69007.88091529084,hard,5.0,1.0000063500148717e7,3322.8816431389478,1.0000065431933334e7,3323.666784313053
10,2,0.005,1.0,100000000,1.0e8,2.25e-8,2.25e-8,0,0,0,0.0,200000,200000,1.20706955e7,178678.89361702127,178686.97872340426,3444.5,709.5,1.0645891083901848e6,1.0676517014494925e6,864340.0997476226,868249.4139422777,hard,5.0,1.0000028863558462e8,10499.439775065624,1.0000020959894359e8,10541.103746622184
10,3,0.005,1.0,100000000,1.0e8,4.0000000000000003e-7,4.0000000000000003e-7,0,0,0,0.0,200000,200000,1.7190217857142857e6,166682.976,174296.8031496063,409.2,217.57142857142858,655018.2796911029,665510.6834927843,440268.57244250574,450898.5607558103,hard,5.0,1.000004014852e8,10523.016800244843,1.0000043152197948e8,10521.221534630433
10,2,0.005,1.0,125892,125892.0,0.00024822864042194895,0.00024822864042194895,0,0,0,0.0,200000,200000,2952.8,107208.93650793651,127568.33333333333,49.388888888888886,13.166666666666666,2012.7054621062846,2018.3797291501523,1650.2036713759555,1672.088427021478,hard,5.0,125892.26993333333,372.75657359580333,125892.1247025641,373.3745686969347
10,3,0.005,1.0,125892,125892.0,0.0008896514472722651,0.0008896514472722651,0,0,0,0.0,200000,200000,1003.3913043478261,161660.92248062015,169200.43548387097,37.44444444444444,10.5,560.0269523098362,562.028661408526,398.1412275122948,398.3785419692693,hard,5.0,125892.75066666666,372.3907569447627,125891.24588205128,373.90846195862247
10,2,0.005,1.0,1258925,1.258925e6,1.9262465992811327e-5,1.9262465992811327e-5,0,0,0,0.0,200000,200000,14371.0,147840.54166666666,174753.70212765958,145.66666666666666,52.5,27946.195507412474,28275.349620593297,22138.64945862808,22420.48520403052,hard,5.0,1.2589329693333334e6,1180.2006300889097,1.258926921748718e6,1179.3882390755184
10,3,0.005,1.0,1258925,1.258925e6,5.9574637091169055e-5,5.9574637091169055e-5,0,0,0,0.0,200000,200000,10826.48,152537.06766917295,165059.776,48.23076923076923,15.6,9067.799939976836,9169.657139892372,6556.917655765121,6590.625532230745,hard,5.0,1.2589291387948717e6,1173.5320745117842,1.2589261311538462e6,1179.8580547258146
10,2,0.005,1.0,12589254,1.2589254e7,1.6879475146025332e-6,1.6879475146025332e-6,0,0,0,0.0,200000,200000,787402.5,162477.89795918367,177987.2,385.75,0,267957.9276450254,272775.95753887366,222778.66843786417,226393.53139342638,hard,5.0,1.2589326346574359e7,3728.0274979279397,1.2589317760748718e7,3731.78303279124
10,3,0.005,1.0,12589254,1.2589254e7,4.8454022772119775e-6,4.8454022772119775e-6,0,0,0,0.0,200000,200000,112260.58333333333,171674.7983870968,178414.168,24.75,34.2,125457.72755067516,127472.29119151966,88009.32469325876,89642.98307542433,hard,5.0,1.2589345877138462e7,3731.0150782629685,1.2589354942866666e7,3700.6175118398314
10,2,0.005,1.0,158489,158489.0,0.00019717456732012948,0.00019717456732012948,0,0,0,0.0,200000,200000,4115.5625,132118.72916666666,117619.47619047618,11.0,25.055555555555557,2580.7992526720946,2589.6805431171992,2042.5922267309752,2053.4015210887364,hard,5.0,158489.01602564103,417.88131642120646,158490.3939076923,417.98663032222765
10,3,0.005,1.0,158489,158489.0,0.0006751257185041233,0.0006751257185041233,0,0,0,0.0,200000,200000,1343.225806451613,165121.58536585365,162076.5,25.333333333333332,8.333333333333334,741.8854210555442,747.1930977396034,541.7461573395941,555.1136521346187,hard,5.0,158489.34074871795,419.02287219121456,158489.6166,417.6019711754252
10,2,0.005,1.0,1584893,1.584893e6,1.5300717461683535e-5,1.5300717461683535e-5,0,0,0,0.0,200000,200000,25553.583333333332,160173.21739130435,156387.20408163266,1.0,168.75,34183.768433299,34618.176443271936,27742.023062872624,28024.71424317129,hard,5.0,1.584902369e6,1321.9941720539448,1.584898206974359e6,1323.1285649796853
10,3,0.005,1.0,1584893,1.584893e6,4.290510463482393e-5,4.290510463482393e-5,0,0,0,0.0,200000,200000,13527.80487804878,161627.81395348837,146031.5076923077,26.555555555555557,45.9,12662.823745747868,12805.092678759986,8411.067545553733,8493.080177275075,hard,5.0,1.5849004564820512e6,1321.833706847899,1.5849032165128205e6,1322.3141898370202
10,2,0.005,1.0,15848931,1.5848931e7,1.2145929589825333e-6,1.2145929589825333e-6,0,0,0,0.0,200000,200000,546504.75,154184.89583333334,178501.6739130435,249.33333333333334,90.0,362057.244730173,369248.58919942105,296268.4648383973,302757.13848999975,hard,5.0,1.5849032238107692e7,4186.396044417461,1.5848999272738462e7,4178.8244876445
10,3,0.005,1.0,15848931,1.5848931e7,3.848840025866729e-6,3.848840025866729e-6,0,0,0,0.0,200000,200000,183558.72727272726,166372.74803149607,179337.39837398374,89.42857142857143,37.333333333333336,159233.2903134318,161754.84446284527,111250.9085632288,112881.87977688383,hard,5.0,1.5849031824887179e7,4193.588810326429,1.5849001239353847e7,4206.430794576463
10,2,0.005,1.0,199526,199526.0,0.0001566211922255746,0.0001566211922255746,0,0,0,0.0,200000,200000,2932.0,174546.17021276595,169694.76086956522,103.5,16.0,3222.682138945349,3253.6463536966385,2712.572549400075,2721.6457423402326,hard,5.0,199526.38525128204,468.24469259234166,199527.65927179487,470.54467405897395
10,3,0.005,1.0,199526,199526.0,0.0005011878151218388,0.0005011878151218388,0,0,0,0.0,200000,200000,1992.7105263157894,167754.512,156453.51181102364,7.4,29.714285714285715,1012.8441332221307,1020.946849081822,724.6967172879774,733.3843162087786,hard,5.0,199527.62362564102,469.56981902736567,199526.02754871795,469.281836511102
10,2,0.005,1.0,1995262,1.995262e6,1.0650230395807668e-5,1.0650230395807668e-5,0,0,0,0.0,200000,200000,55267.53846153846,131465.0,154854.8775510204,29.555555555555557,208.25,51383.51581516438,52251.73142120441,42450.68100651751,43305.16328696497,hard,5.0,1.9952696409435899e6,1484.1407511696589,1.9952694530871795e6,1484.1978302342327
10,3,0.005,1.0,1995262,1.995262e6,3.408073726658454e-5,3.408073726658454e-5,0,0,0,0.0,200000,200000,15413.07142857143,159000.625,178088.9593495935,98.125,6.666666666666667,15771.587371316211,15968.314015288539,11111.018422628576,11220.088500019,hard,5.0,1.9952735172666667e6,1482.0252817747348,1.995274169471795e6,1480.8603584123878
10,2,0.005,1.0,19952623,1.9952623e7,8.645479844930664e-7,8.645479844930664e-7,0,0,0,0.0,200000,200000,859616.3333333334,148076.0,151106.24,418.6666666666667,291.4,442178.88507530285,449911.77359534666,369267.70318243874,375638.06689297536,hard,5.0,1.995275231276923e7,4706.4950164092215,1.9952702232041027e7,4687.823685758296
10,3,0.005,1.0,19952623,1.9952623e7,2.906885976846252e-6,2.906885976846252e-6,0,0,0,0.0,200000,200000,238971.33333333334,160019.72093023255,166237.864,283.77777777777777,51.8,206516.67073724442,210146.81652994006,144366.33492359953,147175.27650181053,hard,5.0,1.995273273793846e7,4699.790281069461,1.9952752569697436e7,4700.193730010494
10,2,0.005,1.0,251188,251188.0,0.00012042772743920888,0.00012042772743920888,0,0,0,0.0,200000,200000,4995.2,168617.10416666666,164747.72916666666,42.0,96.0,4078.600563457334,4104.881775346644,3320.3739643684485,3343.8531619474197,hard,5.0,251186.70744615386,526.5880536559496,251189.30312820512,526.9908530975342
10,3,0.005,1.0,251188,251188.0,0.00038218386228641493,0.00038218386228641493,0,0,0,0.0,200000,200000,2519.970588235294,157528.3925925926,155194.6923076923,15.733333333333333,12.3,1333.0922693723196,1345.1834401251929,968.2451716464768,971.4947665816788,hard,5.0,251189.2112974359,525.9719784845415,251191.03164615386,526.9453117689226
10,3,0.005,1.0,2511886,2.511886e6,2.7867506726021802e-5,2.7867506726021802e-5,0,0,0,0.0,200000,200000,21143.071428571428,173357.95081967214,177554.39682539683,68.0,21.666666666666668,19574.371416001864,19784.089365007072,13138.574245377915,13260.88096954528,hard,5.0,2.5119036819897434e6,1670.6228471030786,2.511902658353846e6,1667.9558211403453
10,2,0.005,1.0,25118864,2.5118864e7,6.867348778193155e-7,6.867348778193155e-7,0,0,0,0.0,200000,200000,1.083915e6,179551.42222222223,191009.88888888888,0,0,462560.78992904467,469934.0128732814,388772.74838298804,394067.02033220074,hard,5.0,2.511898137365641e7,5277.242668393708,2.5118983496102564e7,5287.7009318820765
10,3,0.005,1.0,25118864,2.5118864e7,2.229400183065604e-6,2.229400183065604e-6,0,0,0,0.0,200000,200000,372491.625,149998.4776119403,172085.9435483871,35.214285714285715,76.0,238663.38852688752,242871.9505625732,170064.11977114188,172748.82310765187,hard,5.0,2.5119020375502564e7,5255.247838256983,2.5119015563553847e7,5266.786642286134
10,2,0.005,1.0,316227,316227.0,8.933456030003763e-5,8.933456030003763e-5,0,0,0,0.0,200000,200000,6068.166666666667,151249.3125,141737.61538461538,48.0,30.428571428571427,5783.5661968013055,5851.631773361084,4786.240604399485,4847.1796290827515,hard,5.0,316231.2773538462,590.1498841362701,316230.91317948716,591.403021807802
10,3,0.005,1.0,316227,316227.0,0.0002877679641523336,0.0002877679641523336,0,0,0,0.0,200000,200000,2619.3,153641.66666666666,164370.1496062992,26.666666666666668,45.0,1743.3072938490943,1754.2412092010593,1196.204776357088,1204.6468844655803,hard,5.0,316228.16626666667,589.5862215243482,316229.65165641025,589.6476412814249
10,2,0.005,1.0,3162277,3.162277e6,6.719841430715905e-6,6.719841430715905e-6,0,0,0,0.0,200000,200000,91156.0,113897.28070175438,153151.02,183.83333333333334,114.6,83839.35202360438,85237.81132715114,68515.25859372724,69917.7257212936,hard,5.0,3.1622977119076923e6,1866.3844687860599,3.162304786574359e6,1864.332782306155
10,3,0.005,1.0,3162277,3.162277e6,2.0554809082189826e-5,2.0554809082189826e-5,0,0,0,0.0,200000,200000,26341.2,140344.0447761194,144946.1911764706,104.57142857142857,46.0625,28281.06734350539,28684.29615215918,20367.40032628893,20715.657015652476,hard,5.0,3.1622891415897436e6,1867.8869005378579,3.1622928686e6,1867.5003345753828
10,2,0.005,1.0,31622776,3.1622776e7,5.138701295547234e-7,5.138701295547234e-7,0,0,0,0.0,200000,200000,999606.4,167378.6170212766,175295.5744680851,113.5,330.5,577253.6846298105,587058.7854635216,485497.7821985347,490412.747655655,hard,5.0,3.162290156222564e7,5927.686611368944,3.16229122786e7,5903.297243997977
10,3,0.005,1.0,31622776,3.1622776e7,1.7708755233885856e-6,1.7708755233885856e-6,0,0,0,0.0,200000,200000,355549.0,155206.31578947368,172961.66666666666,126.84615384615384,179.33333333333334,295670.24275255745,300835.7735563321,210469.48782514702,214971.92183661947,hard,5.0,3.162298529045128e7,5918.37975383437,3.1622958428779487e7,5913.114013844937
10,2,0.005,1.0,398107,398107.0,7.096082209054349e-5,7.096082209054349e-5,0,0,0,0.0,200000,200000,12205.0,166560.78260869565,152195.1875,1.0,219.0,7451.276688278958,7536.95716580994,5925.817526775551,5949.879643322977,hard,5.0,398110.90954871796,662.6112824827973,398105.358774359,663.2119604442964
10,3,0.005,1.0,398107,398107.0,0.00021602232565616782,0.00021602232565616782,0,0,0,0.0,200000,200000,3313.978723404255,157885.5546875,146739.04411764705,30.75,56.3125,2374.4805066171784,2398.0268112711265,1673.6479515005194,1701.8815880397758,hard,5.0,398110.7554,665.328649995822,398112.5128923077,661.6907225809874
10,2,0.005,1.0,3981071,3.981071e6,5.33775961292828e-6,5.33775961292828e-6,0,0,0,0.0,200000,200000,84998.0,127433.14285714286,150058.4081632653,179.9090909090909,12.5,103270.3970750321,105011.2537771133,82773.14683378446,83758.73964008075,hard,5.0,3.981098842369231e6,2096.980636190183,3.9810914861333333e6,2092.4328310999394
10,3,0.005,1.0,3981071,3.981071e6,1.6327264698368857e-5,1.6327264698368857e-5,0,0,0,0.0,200000,200000,42809.48484848485,162154.95419847328,155696.41911764705,118.0909090909091,134.0625,35415.77792327999,35860.97967661784,25160.14501021645,25409.59402525267,hard,5.0,3.9810918825179487e6,2098.236155397741,3.981106007102564e6,2097.4537142305967
10,2,0.005,1.0,39810717,3.9810717e7,3.0770608828773417e-7,3.0770608828773417e-7,0,0,0,0.0,200000,200000,2.2444135555555555e6,145146.03773584907,159054.1914893617,464.375,377.0,670851.89383304,681021.1335203451,569083.4056290064,579233.5865681308,hard,5.0,3.9810883906548716e7,6615.768054138453,3.981091840185641e7,6654.766686272706
10,3,0.005,1.0,39810717,3.9810717e7,1.3564186749010324e-6,1.3564186749010324e-6,0,0,0,0.0,200000,200000,374053.9375,164013.8346456693,171190.01612903227,471.0,47.75,333180.0625424166,338751.0871352937,244101.10756650762,248375.063327699,hard,5.0,3.981094695692821e7,6631.9768140394945,3.981091469430257e7,6645.734055127627
10,2,0.005,1.0,501187,501187.0,5.636618667283868e-5,5.636618667283868e-5,0,0,0,0.0,200000,200000,18135.571428571428,188549.57777777777,167057.82978723405,0,27.0,9268.912759157465,9361.15931554982,7428.900979564962,7473.831028826461,hard,5.0,501187.69575897435,743.377551172389,501186.6559589744,744.9894083851962
10,3,0.005,1.0,501187,501187.0,0.00016760211258472386,0.00016760211258472386,0,0,0,0.0,200000,200000,4982.806451612903,167952.00819672132,158167.88636363635,2.0,74.66666666666667,3055.886446911239,3086.748990538107,2212.976068008774,2231.7209042859486,hard,5.0,501190.28045128204,743.0475590133299,501186.4423641026,745.7786316499211
10,2,0.005,1.0,5011872,5.011872e6,4.638985193556419e-6,4.638985193556419e-6,0,0,0,0.0,200000,200000,111356.33333333333,172492.10638297873,174946.89361702127,28.0,89.0,127803.36209947488,129817.42133814353,103920.24566440351,105175.1804777482,hard,5.0,5.011895764287179e6,2349.15755015292,5.011899697471795e6,2353.163934170175
10,3,0.005,1.0,5011872,5.011872e6,1.2570153427701265e-5,1.2570153427701265e-5,0,0,0,0.0,200000,200000,61829.217391304344,158920.84126984127,165392.56,187.5,151.0,48639.24433832599,49373.00986288046,32577.62549098835,33132.559262215735,hard,5.0,5.011914663420513e6,2348.628663948914,5.011899719543589e6,2352.9772678265344
10,2,0.005,1.0,50118723,5.0118723e7,1.4465651888217504e-7,1.4465651888217504e-7,0,0,0,0.0,200000,200000,2.9826595384615385e6,147602.72916666666,146373.82352941178,721.3333333333334,322.8333333333333,784203.4695951538,797073.8822989957,613006.2395117977,624493.6975389781,hard,5.0,5.011888440869231e7,7455.7333153278705,5.011892310935385e7,7441.894136796392
10,3,0.005,1.0,50118723,5.0118723e7,1.0774416578810276e-6,1.0774416578810276e-6,0,0,0,0.0,200000,200000,661826.9,159922.75590551182,154564.2014925373,124.28571428571429,106.78571428571429,463986.94116056355,473171.3441227927,324949.56275080476,332794.9809145612,hard,5.0,5.011903369079487e7,7437.592583387179,5.011902200518975e7,7438.156605161305
10,2,0.005,1.0,630957,630957.0,3.84336809006002e-5,3.84336809006002e-5,0,0,0,0.0,200000,200000,17669.0,118625.57142857143,138015.85714285713,50.0,109.9090909090909,13794.543668670514,13956.92991703543,10919.569764794245,11085.745743826195,hard,5.0,630962.4457179487,835.3500668832437,630962.8601025641,834.5693387658681
10,3,0.005,1.0,630957,630957.0,0.0001236217365050233,0.0001236217365050233,0,0,0,0.0,200000,200000,5233.333333333333,137882.03676470587,146973.3923076923,39.9375,25.6,4226.807440547189,4281.09802308492,2959.469412923676,2993.156981447537,hard,5.0,630962.3166358974,834.3523291365592,630958.3755846154,836.2735754771214
10,2,0.005,1.0,6309573,6.309573e6,3.36789827140442e-6,3.36789827140442e-6,0,0,0,0.0,200000,200000,178617.83333333334,171851.59574468085,171913.1875,590.0,84.0,154939.7361038893,157439.70482970547,126846.67495424097,128679.16891884264,hard,5.0,6.309615077989744e6,2642.825106085583,6.309620734246153e6,2643.6324345525463
10,3,0.005,1.0,6309573,6.309573e6,9.984827816398986e-6,9.984827816398986e-6,0,0,0,0.0,200000,200000,55794.55,168320.42857142858,168542.776,85.0,53.2,58687.13102189993,59550.32007379935,42816.537183864464,43325.552097060485,hard,5.0,6.309615635271795e6,2636.3510709650013,6.309631477082051e6,2646.195535171386
10,2,0.005,1.0,63095734,6.3095734e7,1.1490475726932665e-7,1.1490475726932665e-7,0,0,0,0.0,200000,200000,6.329967875e6,135111.14814814815,136251.86538461538,548.5555555555555,599.7142857142857,944725.6702442938,950480.5153829029,759562.3840489534,766974.4744799334,hard,5.0,6.3095983140092306e7,8335.212666012616,6.309590509994359e7,8325.558814042814
10,3,0.005,1.0,63095734,6.3095734e7,7.765976698202766e-7,7.765976698202766e-7,0,0,0,0.0,200000,200000,610450.4,170954.78225806452,173157.648,289.25,166.8,522999.8624653299,531844.1296536396,383089.60703003476,391773.9554773386,hard,5.0,6.309602091927692e7,8359.232049514765,6.309604711231282e7,8336.628945441089
10,2,0.005,1.0,794328,794328.0,3.304680182493882e-5,3.304680182493882e-5,0,0,0,0.0,200000,200000,24840.75,159009.79591836734,166384.76086956522,119.25,85.0,16903.84926279532,17087.812262430718,14089.115135506685,14253.717126995502,hard,5.0,794329.3599076923,938.0611395296638,794337.3004923076,938.2004242503477
10,3,0.005,1.0,794328,794328.0,9.693728535315386e-5,9.693728535315386e-5,0,0,0,0.0,200000,200000,6409.25,163787.968,155486.7819548872,16.8,73.53846153846153,5302.31830476291,5367.959373950722,3743.0843610207075,3772.3801461246157,hard,5.0,794334.9724051282,938.5624644813969,794330.2688512821,939.0450731675594
10,2,0.005,1.0,7943282,7.943282e6,2.67521661701045e-6,2.67521661701045e-6,0,0,0,0.0,200000,200000,177141.14285714287,164898.6875,169559.63043478262,162.66666666666666,24.0,202337.14021973073,205694.6288005595,168584.69172906445,171553.72144259725,hard,5.0,7.9433410665384615e6,2962.336971372256,7.943330732933333e6,2961.3257338007897
10,3,0.005,1.0,7943282,7.943282e6,7.679445347653527e-6,7.679445347653527e-6,0,0,0,0.0,200000,200000,76409.33333333333,139711.85611510792,144478.12686567163,77.89473684210526,48.5,81265.00766904863,82515.95249596832,58712.12757590351,59620.84107767798,hard,5.0,7.943340532994872e6,2959.361929885409,7.943336105215385e6,2962.476013607906
10,2,0.005,1.0,79432823,7.9432823e7,2.83258219338371e-8,2.83258219338371e-8,0,0,0,0.0,200000,200000,1.6086699e7,158073.09615384616,151572.03773584907,3460.714285714286,3002.625,1.0938676649893809e6,1.0812656769596252e6,883574.4175599117,869440.5560968075,hard,5.0,7.943309138989744e7,9391.549389584517,7.943311052159487e7,9378.529648778787
10,3,0.005,1.0,79432823,7.9432823e7,5.91694947062375e-7,5.91694947062375e-7,0,0,0,0.0,200000,200000,890594.2857142857,155318.55303030304,164799.1171875,80.66666666666667,300.75,589665.62153249,600445.2380709118,422920.51111565356,431253.41601175355,hard,5.0,7.943322848006667e7,9408.881649446132,7.943321371917436e7,9384.295484541823
15,2,0.005,1.0,100000,100000.0,0.0009525,0.0009525,0,0,0,0.0,200000,200000,1021.2745098039215,120603.40151515152,140347.1652892562,21.40740740740741,5.625,524.3520155341454,527.5718810862033,454.6259998305011,456.1921220344987,hard,5.0,100000.5443025641,332.68416160786165,100001.98183589743,330.9315576722436
15,3,0.005,1.0,100000,100000.0,0.0066775,0.0066775,0,0,0,0.0,200000,200000,219.12121212121212,162904.88565488564,157792.56907216494,2.5,3.1,76.16244392086003,76.17427601514855,61.345011009396934,60.82595638822856,hard,5.0,100000.90991794872,331.77890709652337,99997.86027179487,331.67166807661323
15,2,0.005,1.0,1000000,1.0e6,6.675e-5,6.675e-5,0,0,0,0.0,200000,200000,8127.25,174190.17757009345,173456.4953271028,16.0,169.0,7963.668219169059,8038.313125666098,6991.739721686795,7051.298231231535,hard,5.0,1.0000055058358974e6,1052.7236938058227,1.0000111765692307e6,1051.2758193161958
15,3,0.005,1.0,1000000,1.0e6,0.00035875,0.00035875,0,0,0,0.0,200000,200000,2393.1176470588234,157321.89072164948,161256.4656964657,51.46666666666667,24.76923076923077,1414.2083238677185,1426.8169179052793,1140.6918209787075,1142.4863111503203,hard,5.0,1.000005089374359e6,1048.2109804038478,1.000006681651282e6,1049.8655721549524
15,2,0.005,1.0,10000000,1.0e7,5.325e-6,5.325e-6,0,0,0,0.0,200000,200000,133658.77777777778,149765.75423728814,154342.0350877193,95.84615384615384,227.33333333333334,115233.83179626896,117076.39932717367,98214.21681392177,99929.25436479063,hard,5.0,1.0000042063282052e7,3329.59526820145,1.0000053534251282e7,3309.4379702802853
15,3,0.005,1.0,10000000,1.0e7,2.4775e-5,2.4775e-5,0,0,0,0.0,200000,200000,25289.84677419355,149190.854,153998.1775510204,65.26666666666667,64.62857142857143,23226.98565394742,23527.83056272639,18448.99846425791,18699.31604275807,hard,5.0,1.0000049366046153e7,3321.880196548436,1.0000064647184616e7,3313.4262652699654
15,2,0.005,1.0,100000000,1.0e8,3.225e-7,3.225e-7,0,0,0,0.0,200000,200000,1.5814357272727273e6,172575.87272727274,176328.6875,389.6,170.14285714285714,644588.4906428104,653779.9212522185,565755.0675273136,573182.9087157634,hard,5.0,1.0000035250577949e8,10518.761504399961,1.0000034986884615e8,10489.806024088868
15,3,0.005,1.0,100000000,1.0e8,2.1775e-6,2.1775e-6,0,0,0,0.0,200000,200000,271131.4512195122,157695.45490981964,164496.29399585922,133.6818181818182,109.21428571428571,269706.1228113748,274370.7824267012,221943.02181253184,225986.7223325535,hard,5.0,1.0000062871470256e8,10468.842529998356,1.0000071259311283e8,10529.577321443441
15,2,0.005,1.0,125892,125892.0,0.0007208559717853398,0.0007208559717853398,0,0,0,0.0,200000,200000,1200.1555555555556,126371.91935483871,141755.15,11.68421052631579,15.266666666666667,701.090641902415,705.9614975132107,621.6834609776736,627.6740600710726,hard,5.0,125892.27195384615,372.38944912562874,125891.02487692308,373.45309727500853
15,3,0.005,1.0,125892,125892.0,0.004910955422107838,0.004910955422107838,0,0,0,0.0,200000,200000,286.6,157570.55371900825,162954.45684210525,4.413793103448276,5.8,103.24030666218495,103.10217803076081,81.39471267060411,83.15260633870126,hard,5.0,125890.67235897436,372.44238969646415,125893.05248717949,372.9517518585668
15,2,0.005,1.0,1258925,1.258925e6,4.944694878567032e-5,4.944694878567032e-5,0,0,0,0.0,200000,200000,11409.058823529413,159307.7767857143,153607.56140350876,146.57142857142858,47.44444444444444,10929.960313538197,11054.967519335705,9222.258278859003,9343.689884185535,hard,5.0,1.2589294412e6,1177.591864569164,1.2589273913076923e6,1176.7215661992932
15,3,0.005,1.0,1258925,1.258925e6,0.0002730504200011915,0.0002730504200011915,0,0,0,0.0,200000,200000,3051.3366336633662,160347.24489795917,165197.32224532226,38.74285714285714,51.76923076923077,1877.3984175340406,1897.3631179597537,1512.106496099305,1525.0900571659388,hard,5.0,1.2589288965846153e6,1177.1731976467001,1.258925858225641e6,1180.6652153653145
15,2,0.005,1.0,12589254,1.2589254e7,3.991499416883638e-6,3.991499416883638e-6,0,0,0,0.0,200000,200000,279146.6956521739,139925.99152542374,158939.04385964913,197.46153846153845,125.0,152773.36445464176,155343.18237955368,127824.39611848595,130022.77772710915,hard,5.0,1.2589331717302565e7,3733.4981201976184,1.2589334519076923e7,3729.772202295191
15,3,0.005,1.0,12589254,1.2589254e7,1.9560332963335237e-5,1.9560332963335237e-5,0,0,0,0.0,200000,200000,33844.67391304348,157671.47736625513,163678.0,56.29032258064516,78.65217391304348,29487.928169113933,29866.41755341955,22685.78860421942,23011.090084555883,hard,5.0,1.2589336506953847e7,3731.4427425309955,1.2589344594707692e7,3726.9170898099683
15,2,0.005,1.0,158489,158489.0,0.0005442018058035574,0.0005442018058035574,0,0,0,0.0,200000,200000,1836.7115384615386,135812.425,131640.05,11.0,11.066666666666666,928.8759628185193,939.0436849664665,787.5418502682552,794.1126083434025,hard,5.0,158489.30348205127,417.5720850386157,158487.24345128206,417.12417322455997
15,3,0.005,1.0,158489,158489.0,0.003569648366763624,0.003569648366763624,0,0,0,0.0,200000,200000,362.44025157232704,156907.79591836734,149638.5843373494,9.4,3.1627906976744184,141.94566213703595,141.7576874539572,114.52370689415699,113.29354177892957,hard,5.0,158490.71006666668,417.0312319859644,158486.83407692309,421.3704986184106
15,2,0.005,1.0,1584893,1.584893e6,3.8330663331846374e-5,3.8330663331846374e-5,0,0,0,0.0,200000,200000,20526.380952380954,172438.42857142858,163834.76363636364,218.14285714285714,185.0,14176.292887284339,14346.478663407303,12270.772341351887,12373.002557170017,hard,5.0,1.5848972240051283e6,1324.8028643225518,1.584900122723077e6,1325.4760508468614
15,3,0.005,1.0,1584893,1.584893e6,0.00020837368831839122,0.00020837368831839122,0,0,0,0.0,200000,200000,3873.3978494623657,158421.99795081967,166886.3912133891,33.515151515151516,51.391304347826086,2453.7566022654655,2477.616893276044,1999.4941582139124,2031.217957406133,hard,5.0,1.5848991857948718e6,1322.6480169263175,1.5848969625897435e6,1320.1478036681438
15,2,0.005,1.0,15848931,1.5848931e7,3.1705608409803792e-6,3.1705608409803792e-6,0,0,0,0.0,200000,200000,229733.75,132730.4758064516,162948.76315789475,137.1578947368421,110.0,182673.32625094126,185957.3677933282,159113.72866481286,162031.82100247266,hard,5.0,1.5849028856e7,4181.275452713081,1.5849041162846154e7,4185.288129142515
15,3,0.005,1.0,15848931,1.5848931e7,1.5348038299870192e-5,1.5348038299870192e-5,0,0,0,0.0,200000,200000,42901.87826086956,150974.63782696176,157569.8130081301,127.38095238095238,84.89189189189189,40094.714368836365,40648.410352031795,33552.30230296095,34035.112265051735,hard,5.0,1.5849070979415385e7,4182.338789752982,1.5849022653502565e7,4183.645808918256
15,2,0.005,1.0,199526,199526.0,0.00041723885608893076,0.00041723885608893076,0,0,0,0.0,200000,200000,1904.3809523809523,149281.1946902655,143131.2844827586,7.875,35.54545454545455,1202.7081755484683,1211.7286529136302,1070.0373069804295,1082.4933650793037,hard,5.0,199525.57525128205,468.16703141426035,199525.1638871795,468.88741542956205
15,3,0.005,1.0,199526,199526.0,0.002655042450607941,0.002655042450607941,0,0,0,0.0,200000,200000,450.93959731543623,156054.86144578314,153066.35829959513,5.976744186046512,5.230769230769231,191.27664602403112,191.27740382418528,155.93935104818098,154.0965672843719,hard,5.0,199526.17108717948,470.4161093063242,199525.34915384615,470.2167746938262
15,2,0.005,1.0,1995262,1.995262e6,2.8943567310959664e-5,2.8943567310959664e-5,0,0,0,0.0,200000,200000,18302.08823529412,133398.5,152091.01754385966,101.21052631578948,99.33333333333333,19809.56551275571,20061.056778875627,17091.68584192954,17306.052797652264,hard,5.0,1.9952727937282051e6,1486.859289465595,1.9952727026461537e6,1485.1228797786616
15,3,0.005,1.0,1995262,1.995262e6,0.00015649573840427974,0.00015649573840427974,0,0,0,0.0,200000,200000,4875.118421052632,157095.6700610998,151251.9741550696,55.388888888888886,27.625,3327.5524444796642,3358.581714086636,2773.4532765120475,2794.948039227224,hard,5.0,1.9952703948871796e6,1482.3247669622983,1.995273095805128e6,1484.7293211883916
15,2,0.005,1.0,19952623,1.9952623e7,2.292931611046828e-6,2.292931611046828e-6,0,0,0,0.0,200000,200000,332330.3953488372,110554.32142857143,134952.60317460317,183.25714285714287,227.0,245411.1956497724,250020.67699722326,216884.58824770947,220434.3506315679,hard,5.0,1.9952775286384616e7,4676.752338362697,1.9952780231558975e7,4703.955977248011
15,3,0.005,1.0,19952623,1.9952623e7,1.1740311035797147e-5,1.1740311035797147e-5,0,0,0,0.0,200000,200000,62168.13274336283,153593.35211267605,157017.83903420524,122.83333333333333,114.71428571428571,51666.59313984955,52380.71290633259,41379.39297301738,41935.200678358975,hard,5.0,1.9952763617015384e7,4702.034338205747,1.9952760926307693e7,4697.825804082046
15,2,0.005,1.0,251188,251188.0,0.0003314250680765005,0.0003314250680765005,0,0,0,0.0,200000,200000,2176.842105263158,170595.6,171311.10714285713,8.0,6.857142857142857,1537.8458567209727,1548.6979024469927,1306.2610501933143,1326.0179857364285,hard,5.0,251188.41301025642,525.5029634099152,251189.5401128205,526.4121105688753
15,3,0.005,1.0,251188,251188.0,0.0019716308103890313,0.0019716308103890313,0,0,0,0.0,200000,200000,599.2214285714285,155090.95714285714,154956.2372188139,8.228571428571428,27.294117647058822,255.20519654518185,255.7814931203398,202.86054609133717,205.97912389596243,hard,5.0,251186.16314358974,527.8402642906747,251188.7394974359,525.9051617107398
15,2,0.005,1.0,2511886,2.511886e6,2.2990693048967985e-5,2.2990693048967985e-5,0,0,0,0.0,200000,200000,40696.705882352944,154126.71304347826,171019.4909090909,119.8,326.0,25058.297271928375,25368.604583535143,21450.91728950547,21726.36767697216,hard,5.0,2.511901105051282e6,1662.7796913314276,2.511909449528205e6,1665.2182792118892
15,3,0.005,1.0,2511886,2.511886e6,0.00012012885935110113,0.00012012885935110113,0,0,0,0.0,200000,200000,6087.081967213115,161422.60330578513,160110.83299389,29.896551724137932,51.55555555555556,4339.077050549837,4390.019952687063,3560.7169163243043,3610.929494064323,hard,5.0,2.511900121979487e6,1665.6102002753241,2.5118989388615387e6,1669.1106109255616
15,2,0.005,1.0,25118864,2.5118864e7,1.8213403281294887e-6,1.8213403281294887e-6,0,0,0,0.0,200000,200000,328385.5714285714,155774.69090909092,161552.23008849556,165.0,135.25,298320.9288380126,303598.91867112974,259141.11968414122,264010.28589761024,hard,5.0,2.5119003844020512e7,5264.995005249601,2.5119043321702562e7,5257.693361831633
15,3,0.005,1.0,25118864,2.5118864e7,9.6242409688591e-6,9.6242409688591e-6,0,0,0,0.0,200000,200000,70627.61363636363,161114.96701030928,163686.0622406639,120.73333333333333,134.11111111111111,67929.46194872793,68886.61240746304,54217.929974933904,54856.7357237778,hard,5.0,2.511905035476923e7,5266.892026183007,2.5119051157789744e7,5265.577173311308
15,2,0.005,1.0,316227,316227.0,0.00024428654099744804,0.00024428654099744804,0,0,0,0.0,200000,200000,3572.366666666667,163480.34545454546,161261.16379310345,28.6,42.63636363636363,2082.47739305737,2097.4867698247836,1835.6203515814016,1849.7262696974753,hard,5.0,316227.9653794872,589.003536284899,316226.0311897436,591.7105566921706
15,3,0.005,1.0,316227,316227.0,0.001466509817314777,0.001466509817314777,0,0,0,0.0,200000,200000,782.1409395973154,162610.27572016462,153223.80246913582,4.483870967741935,7.870967741935484,344.4478167160067,346.00495906415307,283.5267798081391,283.26367282708304,hard,5.0,316227.11388205126,590.5420432281971,316226.1744974359,590.8250991651032
15,2,0.005,1.0,3162277,3.162277e6,1.8262157299945576e-5,1.8262157299945576e-5,0,0,0,0.0,200000,200000,38833.642857142855,149383.62931034484,173608.22222222222,119.72727272727273,23.666666666666668,31471.115880572266,31930.947890501953,27353.966951332746,27746.235223277243,hard,5.0,3.1622918906153846e6,1871.1380764308578,3.1622918340307693e6,1865.431040158647
15,3,0.005,1.0,3162277,3.162277e6,9.115267258371104e-5,9.115267258371104e-5,0,0,0,0.0,200000,200000,6874.801886792453,157449.5480572597,163063.70539419088,54.94117647058823,43.111111111111114,5764.537676220515,5825.253161879519,4760.189672761026,4794.847889745402,hard,5.0,3.1622869654e6,1875.3359107381982,3.1622941318666665e6,1865.2138243352251
15,2,0.005,1.0,31622776,3.1622776e7,1.589044554469222e-6,1.589044554469222e-6,0,0,0,0.0,200000,200000,307128.8333333333,174601.0648148148,184181.46226415093,217.0,3.0,290552.0920106206,294927.0218833649,251734.81912975686,254891.16362274665,hard,5.0,3.162293884953846e7,5916.616269001479,3.1622944053733334e7,5910.707126696268
15,3,0.005,1.0,31622776,3.1622776e7,7.312767228278757e-6,7.312767228278757e-6,0,0,0,0.0,200000,200000,77750.64347826087,154030.37731958763,154778.68647540984,101.8,90.57575757575758,87887.66860608719,89214.2476901406,72797.54873863037,73860.35973673894,hard,5.0,3.162299412353846e7,5912.630585537874,3.162302975206154e7,5910.0656760119155
15,2,0.005,1.0,398107,398107.0,0.000186507647441517,0.000186507647441517,0,0,0,0.0,200000,200000,4974.5,151937.75438596492,149326.26315789475,18.88888888888889,30.11111111111111,2770.222820308319,2797.5809717854318,2498.057144191728,2530.8653845875215,hard,5.0,398110.00994358974,663.7655376766878,398103.57286666665,664.2764678913222
15,3,0.005,1.0,398107,398107.0,0.0011008347002187855,0.0011008347002187855,0,0,0,0.0,200000,200000,990.4829931972789,155077.08249496983,153565.802020202,39.666666666666664,31.325,458.17158067036854,459.3629893603287,374.74312315335635,370.93095132748084,hard,5.0,398108.15814871795,663.3640658300246,398108.8146974359,663.1491242395504
15,2,0.005,1.0,3981071,3.981071e6,1.450614671278156e-5,1.450614671278156e-5,0,0,0,0.0,200000,200000,66565.63157894737,167061.9099099099,163787.56603773584,123.0,340.0,42603.525167476735,43196.07080221024,36548.141554885064,36889.969851559916,hard,5.0,3.9811066307538464e6,2099.5207053495797,3.981091064246154e6,2097.9195000094155
15,3,0.005,1.0,3981071,3.981071e6,7.202835618857338e-5,7.202835618857338e-5,0,0,0,0.0,200000,200000,10663.518987341773,159904.01863354037,169621.4659574468,59.785714285714285,51.333333333333336,7348.620713442903,7426.227098750385,5883.927175383682,5963.536700255931,hard,5.0,3.9810815377948717e6,2103.8251484181014,3.9810902911538463e6,2095.0365247177524
15,2,0.005,1.0,39810717,3.9810717e7,1.1491880440133746e-6,1.1491880440133746e-6,0,0,0,0.0,200000,200000,421249.93333333335,142745.7213114754,169876.19090909092,110.82352941176471,109.0,398219.494588368,405630.3127866599,339014.38222996396,347887.7026179947,hard,5.0,3.981092150606154e7,6627.533807878335,3.9810957169846155e7,6638.719075726019
15,3,0.005,1.0,39810717,3.9810717e7,5.884093973991979e-6,5.884093973991979e-6,0,0,0,0.0,200000,200000,133789.60869565216,159556.94908350304,162136.2464358452,52.72222222222222,106.52777777777777,109928.69702387284,111587.6502328306,86037.37409261071,87257.38271333421,hard,5.0,3.981096244850256e7,6615.850303384309,3.981098690026667e7,6635.164300642558
15,2,0.005,1.0,501187,501187.0,0.0001391696113426725,0.0001391696113426725,0,0,0,0.0,200000,200000,4568.351351351352,135396.59349593497,145291.4745762712,10.055555555555555,39.30769230769231,3735.209815190782,3775.173272034355,3231.948660271398,3273.0992303497055,hard,5.0,501190.8556974359,743.3975993437534,501189.12603076926,744.7142543180947
15,3,0.005,1.0,501187,501187.0,0.0008295306941321303,0.0008295306941321303,0,0,0,0.0,200000,200000,1035.0416666666667,158935.43801652893,160278.68814968815,10.275862068965518,15.115384615384615,605.3491305220642,609.4065660592476,489.74626849573133,487.60102946769126,hard,5.0,501185.70088205126,743.0168160468484,501192.23415384616,744.2787445553219
15,2,0.005,1.0,5011872,5.011872e6,1.0624772540080832e-5,1.0624772540080832e-5,0,0,0,0.0,200000,200000,66309.84782608696,149374.63559322033,134261.06923076924,150.30769230769232,108.84,55217.31909884501,55964.49495057531,46647.37528365559,47242.51132179019,hard,5.0,5.0119057336461535e6,2353.357723414783,5.011893281851282e6,2354.0920177987073
15,3,0.005,1.0,5011872,5.011872e6,5.4520546414593185e-5,5.4520546414593185e-5,0,0,0,0.0,200000,200000,13725.045454545454,156438.43434343435,160231.10772357724,65.575,44.432432432432435,9810.412272704349,9927.135216762708,7752.815134911976,7841.574869937809,hard,5.0,5.011909304558975e6,2355.1062421339407,5.011894456938461e6,2359.0575524451397
15,2,0.005,1.0,50118723,5.0118723e7,8.829035807636199e-7,8.829035807636199e-7,0,0,0,0.0,200000,200000,1.144773857142857e6,162574.81415929203,182631.81308411216,227.5,845.5,489852.14291497675,498745.8093053087,412347.6440862311,420405.71285857144,hard,5.0,5.011900974050769e7,7415.79133181504,5.01189955217641e7,7470.601929281788
15,3,0.005,1.0,50118723,5.0118723e7,4.67390200664131e-6,4.67390200664131e-6,0,0,0,0.0,200000,200000,128646.87301587302,157770.4417177914,172319.45147679324,105.23529411764706,132.21052631578948,141268.42584708464,143475.00386259813,115996.8739345603,117931.13050060414,hard,5.0,5.011909156974359e7,7431.284150659572,5.011909923967692e7,7433.009309934464
15,2,0.005,1.0,630957,630957.0,0.00011054636052853047,0.00011054636052853047,0,0,0,0.0,200000,200000,6658.2307692307695,168142.7,160190.1009174312,20.8,71.75,4738.659544994516,4781.869986376445,4110.111003413586,4139.28003751786,hard,5.0,630957.4237692307,835.4558615090791,630958.1444153846,832.9273487451495
15,3,0.005,1.0,630957,630957.0,0.0006232595882128259,0.0006232595882128259,0,0,0,0.0,200000,200000,1430.704918032787,150519.25403225806,160206.8950617284,20.24390243902439,18.258064516129032,807.0613368065184,813.7545008040055,652.3687260665025,658.0480615127598,hard,5.0,630958.8938051282,835.994712202868,630956.6143179487,834.5706972000571
15,2,0.005,1.0,6309573,6.309573e6,8.439556844813429e-6,8.439556844813429e-6,0,0,0,0.0,200000,200000,87422.41666666667,145821.61739130435,160670.98260869566,58.7,43.3,71318.86715308129,72363.22232855836,63270.914940289775,64113.99252961826,hard,5.0,6.309611460892308e6,2634.4169664482406,6.309613788210256e6,2641.2253400303466
15,3,0.005,1.0,6309573,6.309573e6,4.2118539558857634e-5,4.2118539558857634e-5,0,0,0,0.0,200000,200000,17421.712,154474.26464646464,156869.5530612245,123.2,64.62857142857143,13219.951450423167,13370.510560067547,10973.892103841124,11099.005478484942,hard,5.0,6.309615455953846e6,2644.991758826861,6.309595649625641e6,2638.8059204438528
15,2,0.005,1.0,63095734,6.3095734e7,7.013152426438213e-7,7.013152426438213e-7,0,0,0,0.0,200000,200000,1.145121142857143e6,171857.0892857143,182972.97222222222,135.42857142857142,225.66666666666666,515650.51743129233,523839.48884469835,449040.5767499639,457321.6095311841,hard,5.0,6.309605618185641e7,8351.279046515745,6.309604901681025e7,8360.18173933472
15,3,0.005,1.0,63095734,6.3095734e7,3.5224251452562546e-6,3.5224251452562546e-6,0,0,0,0.0,200000,200000,206804.7844827586,150678.28056112226,154546.39759036145,167.86363636363637,90.44186046511628,184607.52040131076,187864.66963504395,151428.03946286914,154087.51733971704,hard,5.0,6.3096180239092305e7,8362.265268855,6.309614673081539e7,8336.306611203527
15,2,0.005,1.0,794328,794328.0,8.403329606913014e-5,8.403329606913014e-5,0,0,0,0.0,200000,200000,9730.863636363636,159595.35779816515,165721.03603603604,24.75,121.33333333333333,6271.278751811693,6345.052922239791,5434.1821606614985,5514.012010235071,hard,5.0,794332.3561846154,934.6960422526311,794334.1732923076,937.0787696380127
15,3,0.005,1.0,794328,794328.0,0.0004686351230222276,0.0004686351230222276,0,0,0,0.0,200000,200000,1897.3333333333333,153089.29508196723,154121.0301810865,15.606060606060606,18.476190476190474,1082.6104216534059,1092.0173142711428,894.0956036381396,904.8949434554253,hard,5.0,794331.6099333334,934.9411109995801,794334.3569589744,935.5981898945711
15,2,0.005,1.0,7943282,7.943282e6,6.70377811086148e-6,6.70377811086148e-6,0,0,0,0.0,200000,200000,104737.91304347826,157840.82142857142,158515.65765765766,164.71428571428572,34.666666666666664,90398.64649892885,91813.73052731453,79563.13818327257,80703.77548815042,hard,5.0,7.943334524e6,2961.157215900686,7.943328276153846e6,2961.186544984853
15,3,0.005,1.0,7943282,7.943282e6,3.2700589000868907e-5,3.2700589000868907e-5,0,0,0,0.0,200000,200000,25061.305555555555,159966.92531120332,170475.31789473683,27.77777777777778,69.0,16979.971201529206,17182.683208291168,13568.431252496202,13746.538533343224,hard,5.0,7.943326318476923e6,2964.171121627873,7.943308767220513e6,2962.3783761244663
15,2,0.005,1.0,79432823,7.9432823e7,5.004228541644555e-7,5.004228541644555e-7,0,0,0,0.0,200000,200000,1.459233e6,166155.0,168136.0357142857,333.85714285714283,204.28571428571428,595667.939063925,605718.3992452808,505335.45113323565,515685.0203881463,hard,5.0,7.943312876446667e7,9384.268287475883,7.943315525814359e7,9343.61156879263
15,3,0.005,1.0,79432823,7.9432823e7,2.835729506931914e-6,2.835729506931914e-6,0,0,0,0.0,200000,200000,213655.4776119403,170547.5928270042,169763.4135021097,124.73684210526316,100.3157894736842,213999.5654173193,217437.0040193498,169592.24330368577,172262.48151736244,hard,5.0,7.943333684158461e7,9399.441261322581,7.943334407394871e7,9360.432365736468
20,2,0.005,1.0,100000,100000.0,0.002115,0.002115,0,0,0,0.0,200000,200000,506.16326530612247,163813.5728643216,161776.225,1.2222222222222223,4.4,238.01719667082597,239.5277470263585,214.1314314955674,216.75663444988493,hard,5.0,99999.36127692308,331.53482487722164,100001.46012820513,331.727123361581
20,3,0.005,1.0,100000,100000.0,0.02519,0.02519,0,0,0,0.0,200000,200000,90.65273311897106,157871.03843008995,159552.94334975368,2.253012048192771,2.0641025641025643,21.130072003564358,21.091306440067612,18.171684679806457,18.2011017158021,hard,5.0,99999.42287179487,331.63413033958574,100000.89937948718,332.42438789162406
20,2,0.005,1.0,1000000,1.0e6,0.0001275,0.0001275,0,0,0,0.0,200000,200000,8808.030303030304,165368.67164179104,169591.65989847717,42.63636363636363,65.42857142857143,4056.918701338151,4100.658194478777,3745.4308505519857,3778.6146274464904,hard,5.0,1.0000055723230769e6,1050.9108584745877,1.0000033496615385e6,1049.6078959292317
20,3,0.005,1.0,1000000,1.0e6,0.001097,0.001097,0,0,0,0.0,200000,200000,855.9939024390244,153855.76016260163,157489.95602605864,5.044444444444444,12.988636363636363,461.0102990161546,463.7597053222646,392.4802035342483,396.9961247385161,hard,5.0,1.0000024700051282e6,1051.2630402509353,1.0000052347179487e6,1055.204603846111
20,2,0.005,1.0,10000000,1.0e7,9.75e-6,9.75e-6,0,0,0,0.0,200000,200000,65274.065217391304,160043.385,156057.7512437811,96.8,48.54545454545455,62284.70285505368,63219.99268536422,56499.54743516826,57269.606000755906,hard,5.0,1.000006784697436e7,3320.788069137926,1.0000077802815385e7,3313.5040753398666
20,3,0.005,1.0,10000000,1.0e7,7.03e-5,7.03e-5,0,0,0,0.0,200000,200000,9894.47602739726,158587.82633744855,159942.32300163133,52.64,66.17441860465117,7606.822427701898,7692.945190867981,6545.175291654897,6635.523577091875,hard,5.0,1.0000053837148719e7,3334.9989098389206,1.0000042853e7,3326.619469878711
20,2,0.005,1.0,100000000,1.0e8,8.15e-7,8.15e-7,0,0,0,0.0,200000,200000,809045.4230769231,165797.38235294117,171127.0693069307,362.64285714285717,157.83333333333334,510595.51161628467,519293.21816580824,460762.5741718169,469823.6046987103,hard,5.0,1.0000053311051282e8,10502.792721616379,1.0000057584585129e8,10537.920530395259
20,3,0.005,1.0,100000000,1.0e8,5.87e-6,5.87e-6,0,0,0,0.0,200000,200000,113521.76470588235,157851.62611516626,165578.3525,123.49462365591398,144.4,112277.57415374891,113958.49912741002,100737.13344835043,102410.86287622778,hard,5.0,1.0000072367745128e8,10523.617557412848,1.0000076023998462e8,10536.155301280558
20,2,0.005,1.0,125892,125892.0,0.0015529183744797128,0.0015529183744797128,0,0,0,0.0,200000,200000,728.8048780487804,149083.29857819906,167473.73170731709,6.9523809523809526,4.266666666666667,323.7189360611782,323.59683874198356,291.6484918968848,291.5828185411623,hard,5.0,125888.77446666667,373.4032669591149,125892.6927076923,372.4798922378775
20,3,0.005,1.0,125892,125892.0,0.017642105932068757,0.017642105932068757,0,0,0,0.0,200000,200000,113.97749196141478,158001.03132728772,159132.9687756779,1.643835616438356,1.844155844155844,29.570799708921765,29.63376702221232,25.562692491619256,25.468033662581604,hard,5.0,125890.82098461539,372.2705882603428,125892.12535384616,373.9120647759843
20,2,0.005,1.0,1258925,1.258925e6,9.809956907679171e-5,9.809956907679171e-5,0,0,0,0.0,200000,200000,7770.941176470588,155587.43564356436,157538.79802955664,89.58333333333333,47.53846153846154,5500.013225349172,5557.871534346837,4838.93493054135,4888.559557481879,hard,5.0,1.2589306487897437e6,1182.8497787766055,1.2589274369384616e6,1178.3233994080936
20,3,0.005,1.0,1258925,1.258925e6,0.0008253073058363287,0.0008253073058363287,0,0,0,0.0,200000,200000,1189.9943181818182,156337.74325429273,155402.2612244898,27.795180722891565,15.435294117647059,613.5580057317707,617.2762069711058,529.9297895987437,534.6830839687234,hard,5.0,1.258930942353846e6,1177.1733247499064,1.2589287193589744e6,1175.9098453818954
20,2,0.005,1.0,12589254,1.2589254e7,8.221297306417044e-6,8.221297306417044e-6,0,0,0,0.0,200000,200000,70497.45454545454,171255.6852791878,175316.34536082475,59.857142857142854,31.0,75875.98464433667,76943.55769870458,66890.41882505959,67902.63595589249,hard,5.0,1.2589319515271794e7,3723.7649401673766,1.2589327350671794e7,3734.2107552622538
20,3,0.005,1.0,12589254,1.2589254e7,5.409375329149765e-5,5.409375329149765e-5,0,0,0,0.0,200000,200000,11847.087591240876,154536.75282714056,160893.89868204284,59.83673469387755,73.56756756756756,9969.12863152569,10082.218571248792,8634.214180871644,8712.563423923675,hard,5.0,1.2589317290594872e7,3729.583243330946,1.2589310246851282e7,3730.269827055238
20,2,0.005,1.0,158489,158489.0,0.0011704282316122886,0.0011704282316122886,0,0,0,0.0,200000,200000,783.6615384615385,159050.05940594058,153367.3254716981,13.5,4.2727272727272725,434.6712422854454,437.14494355844215,397.5721846936276,401.55153703849726,hard,5.0,158487.8749025641,417.79060964129417,158488.6254923077,416.86167778266093
20,3,0.005,1.0,158489,158489.0,0.012675958583876483,0.012675958583876483,0,0,0,0.0,200000,200000,147.98958333333334,161604.21422663357,163352.4773489933,2.0579710144927534,2.1538461538461537,40.773873773477874,40.72166644750608,35.23461704166435,35.171021363510334,hard,5.0,158489.10486666666,419.21475864357615,158488.16065128206,418.5544494316086
20,2,0.005,1.0,1584893,1.584893e6,7.539941182149206e-5,7.539941182149206e-5,0,0,0,0.0,200000,200000,9841.51923076923,157373.83009708737,156505.02512562813,46.0,68.66666666666667,7041.560277280918,7132.70881008351,6412.5257755369685,6467.861433981628,hard,5.0,1.584905735e6,1323.0767849905938,1.5849036578871794e6,1326.9557974448908
20,3,0.005,1.0,1584893,1.584893e6,0.000624016889468248,0.000624016889468248,0,0,0,0.0,200000,200000,1491.7160883280758,157469.34946677604,158674.8824013158,12.531645569620252,15.894736842105264,814.5302754617641,819.5096567415584,690.260821561677,692.2786949014207,hard,5.0,1.5848946824461538e6,1320.0395116530635,1.5848943213846155e6,1322.295754370053
20,2,0.005,1.0,15848931,1.5848931e7,6.2780259438317945e-6,6.2780259438317945e-6,0,0,0,0.0,200000,200000,80227.5625,161255.86764705883,166669.82914572864,98.0,72.88888888888889,100024.96470690388,101524.80509585197,92177.68292725104,93613.72261070716,hard,5.0,1.5849047963128205e7,4170.170693311777,1.5849018340471795e7,4192.896563908518
20,3,0.005,1.0,15848931,1.5848931e7,4.195866585576024e-5,4.195866585576024e-5,0,0,0,0.0,200000,200000,17200.64827586207,154035.5998389694,158580.49302707138,65.91176470588235,83.51898734177215,13032.22649452195,13191.255885719234,11157.047808159672,11306.535202629164,hard,5.0,1.5849026973892307e7,4180.260135066362,1.5849014449502565e7,4176.24037276469
20,2,0.005,1.0,199526,199526.0,0.0008695608592363903,0.0008695608592363903,0,0,0,0.0,200000,200000,1101.4603174603174,148042.05164319248,150959.84210526315,10.478260869565217,7.368421052631579,579.5057837151226,585.4782273088272,527.1405707317165,529.4789037057076,hard,5.0,199525.78246153847,470.324576279444,199525.01208205128,468.3621078993168
20,3,0.005,1.0,199526,199526.0,0.009136653869671121,0.009136653869671121,0,0,0,0.0,200000,200000,182.51746031746032,159515.75597691673,158476.06612244897,2.712328767123288,2.4235294117647057,56.059354340412405,56.05541532656576,48.329736369731826,46.62997070328612,hard,5.0,199526.27495897436,470.1364171407328,199527.33647179487,470.0625504597094
20,2,0.005,1.0,1995262,1.995262e6,5.5882385370943766e-5,5.5882385370943766e-5,0,0,0,0.0,200000,200000,11661.0,148717.1745283019,154411.0776699029,66.72727272727273,70.125,9466.841778960721,9576.3493619604,8525.24138379504,8651.62191247717,hard,5.0,1.9952699043846154e6,1483.1688369752837,1.9952740955692308e6,1485.838251510818
20,3,0.005,1.0,1995262,1.995262e6,0.00047161726129200075,0.00047161726129200075,0,0,0,0.0,200000,200000,1842.9597315436242,159511.6332236842,160640.3575,26.5,18.316666666666666,1075.780055230304,1083.3452767284055,906.127040764975,911.4774538321432,hard,5.0,1.995264248276923e6,1482.2024128249734,1.9952705047538462e6,1485.1080051017616
20,2,0.005,1.0,19952623,1.9952623e7,4.886575564526028e-6,4.886575564526028e-6,0,0,0,0.0,200000,200000,109721.69696969698,160148.2487804878,167691.99019607843,100.13333333333334,45.357142857142854,133650.25525293004,135852.81297347732,121255.01576181588,123204.86863464952,hard,5.0,1.9952780994897436e7,4697.874721562017,1.9952750434235897e7,4692.200107314205
20,3,0.005,1.0,19952623,1.9952623e7,3.2527051706434783e-5,3.2527051706434783e-5,0,0,0,0.0,200000,200000,20257.6796875,154126.17161186849,162859.19224422442,93.88785046728972,60.958333333333336,17370.327151355563,17584.184122215283,14363.561651427068,14594.394540206842,hard,5.0,1.9952733043112822e7,4692.863855218799,1.9952756349620514e7,4694.423017693983
20,2,0.005,1.0,251188,251188.0,0.0006588690542541841,0.0006588690542541841,0,0,0,0.0,200000,200000,1365.4920634920634,157132.02415458937,152996.29468599035,12.823529411764707,10.352941176470589,760.4706558432304,765.2153573586571,695.7244698936244,696.4355570710939,hard,5.0,251186.96134358973,526.0283827502157,251188.82240512822,527.4233084610418
20,3,0.005,1.0,251188,251188.0,0.006644425689125277,0.006644425689125277,0,0,0,0.0,200000,200000,224.69300911854103,155077.77886977888,157676.78917145202,3.1728395061728394,2.8987341772151898,76.7763211979214,76.6548141867793,65.29622535912286,65.18955570693363,hard,5.0,251186.3007230769,527.4994404855838,251186.58994871794,527.4086338770287
20,2,0.005,1.0,2511886,2.511886e6,4.43889571421633e-5,4.43889571421633e-5,0,0,0,0.0,200000,200000,17634.82608695652,163284.42288557213,158401.81773399014,136.72727272727272,98.84615384615384,12266.538430977034,12389.97697509421,10907.176299388757,11022.96001443998,hard,5.0,2.5118923009076924e6,1665.8711427393816,2.511897151394872e6,1672.061226221135
20,3,0.005,1.0,2511886,2.511886e6,0.0003555097643762496,0.0003555097643762496,0,0,0,0.0,200000,200000,2527.8645161290324,155680.375,160430.43033800495,36.619565217391305,33.93150684931507,1434.735439337397,1447.2069043652773,1259.3161036893173,1268.9725255159303,hard,5.0,2.511892652682051e6,1660.7064562271437,2.511893012841026e6,1666.7606481711216
20,2,0.005,1.0,25118864,2.5118864e7,3.7223020913684636e-6,3.7223020913684636e-6,0,0,0,0.0,200000,200000,230578.07142857142,142871.5,159597.54901960783,134.54545454545453,83.07142857142857,176606.40510236833,179643.6724108608,156964.6437352338,160575.23651292792,hard,5.0,2.511902734074359e7,5267.3388764741585,2.511906584505128e7,5255.893793174692
20,3,0.005,1.0,25118864,2.5118864e7,2.5120562777042785e-5,2.5120562777042785e-5,0,0,0,0.0,200000,200000,28306.29642857143,156225.73726758285,159054.93904448106,61.23711340206186,104.70270270270271,22864.108630101953,23154.311496427505,19772.001852737725,20063.731899817616,hard,5.0,2.5119019038871795e7,5268.045754566125,2.511898851971282e7,5275.902583603426
20,2,0.005,1.0,316227,316227.0,0.0004980599379559621,0.0004980599379559621,0,0,0,0.0,200000,200000,1519.7671232876712,152336.98536585364,144242.03791469193,26.866666666666667,19.857142857142858,1011.4811975978457,1020.3406226005313,904.1955969529866,917.0339618924137,hard,5.0,316227.3274615385,591.3151439280763,316225.5668051282,590.6012267022895
20,3,0.005,1.0,316227,316227.0,0.004873081678667539,0.004873081678667539,0,0,0,0.0,200000,200000,295.3205128205128,158469.9958949097,159183.39784053157,3.0256410256410255,3.9375,104.27129582428373,104.44704541549865,89.63825220284878,89.92848905962688,hard,5.0,316227.6437538462,590.384069601466,316229.7675897436,589.7722652202593
20,2,0.005,1.0,3162277,3.162277e6,3.3994491943621635e-5,3.3994491943621635e-5,0,0,0,0.0,200000,200000,20867.145454545454,158023.24257425743,151507.44976076554,51.166666666666664,52.473684210526315,15921.988184346566,16125.099746879623,14061.726365495857,14220.652558049176,hard,5.0,3.162301302497436e6,1867.345237402649,3.1622995089692306e6,1866.653179386813
20,3,0.005,1.0,3162277,3.162277e6,0.0002684774293966025,0.0002684774293966025,0,0,0,0.0,200000,200000,3001.032786885246,151688.0860557769,160364.25975103735,24.991304347826087,33.815384615384616,1907.3446465814975,1923.930310073311,1632.2346977265095,1652.798618135526,hard,5.0,3.1622880642820513e6,1867.132550944317,3.162281258276923e6,1870.7880220089407
20,2,0.005,1.0,31622776,3.1622776e7,2.9567296685148703e-6,2.9567296685148703e-6,0,0,0,0.0,200000,200000,214632.92307692306,158819.38235294117,172623.78787878787,108.28571428571429,165.375,202133.9150019413,205602.04643267495,176154.180770141,179350.9586422761,hard,5.0,3.1623005240451284e7,5918.311845994177,3.1622969209933333e7,5914.136591584687
20,3,0.005,1.0,31622776,3.1622776e7,1.9448007980071073e-5,1.9448007980071073e-5,0,0,0,0.0,200000,200000,36179.843971631206,152136.78006329114,158034.29136400323,82.81451612903226,83.94949494949495,29986.8657437385,30380.775736017255,25239.172252672746,25538.9023305641,hard,5.0,3.162300620236923e7,5908.406493213995,3.1622987561984614e7,5895.1618595634845
20,2,0.005,1.0,398107,398107.0,0.00038055095740592354,0.00038055095740592354,0,0,0,0.0,200000,200000,2430.32,149852.78468899522,158516.86,15.473684210526315,24.2,1334.3838980280802,1347.730746464317,1169.3504133804352,1172.3404113347465,hard,5.0,398109.2317333333,662.5138914270382,398105.1442102564,660.6656836423472
20,3,0.005,1.0,398107,398107.0,0.003559344598311509,0.003559344598311509,0,0,0,0.0,200000,200000,343.3324468085106,158422.87957689178,152366.5056451613,9.179775280898877,6.32,142.15213120845715,142.60116422205942,119.92543499772181,121.91280203217958,hard,5.0,398106.27866153844,662.8268834600592,398104.81773846154,664.4203280809946
20,2,0.005,1.0,3981071,3.981071e6,2.7002783924225416e-5,2.7002783924225416e-5,0,0,0,0.0,200000,200000,20303.583333333332,149924.15165876778,167620.84236453203,86.28571428571429,79.84615384615384,21911.248357848788,22191.395093710315,19986.506823304127,20255.73329557118,hard,5.0,3.9810944524410255e6,2097.359599716808,3.9810795290615386e6,2098.1453304790293
20,3,0.005,1.0,3981071,3.981071e6,0.00020471878044877874,0.00020471878044877874,0,0,0,0.0,200000,200000,4023.3037542662114,157564.6770237122,162019.48258706467,34.40963855421687,23.78787878787879,2523.7362256888373,2549.7532672751154,2185.0501092420623,2205.8171728990665,hard,5.0,3.9810807745897435e6,2096.7456114744073,3.9810904234358976e6,2098.9234428673276
20,2,0.005,1.0,39810717,3.9810717e7,2.3486138167267877e-6,2.3486138167267877e-6,0,0,0,0.0,200000,200000,286818.652173913,161028.48292682928,173906.34536082475,86.46666666666667,153.75,254798.93588258862,259393.8689115199,223116.5136817542,227150.1977447861,hard,5.0,3.9810972282866664e7,6627.56181971266,3.981096460149231e7,6638.771123218433
20,3,0.005,1.0,39810717,3.9810717e7,1.5548577032661834e-5,1.5548577032661834e-5,0,0,0,0.0,200000,200000,44974.607142857145,163605.22535211267,164427.7347107438,84.7910447761194,97.38571428571429,39461.297819832595,39983.33468693723,32567.28647258632,33023.84875165568,hard,5.0,3.9810967976225644e7,6634.601886862455,3.9810967344938464e7,6629.924170023831
20,2,0.005,1.0,501187,501187.0,0.0002943013286457949,0.0002943013286457949,0,0,0,0.0,200000,200000,2875.6341463414633,168492.64795918367,166187.72448979592,22.666666666666668,6.666666666666667,1730.9506378407732,1750.7346959690094,1541.0943572687129,1551.9390678722186,hard,5.0,501188.2355589744,743.8192298755941,501185.75176410255,744.9715448721578
20,3,0.005,1.0,501187,501187.0,0.002655695379169851,0.002655695379169851,0,0,0,0.0,200000,200000,470.7683284457478,159614.67213114753,156085.45795918367,3.9625,10.364705882352942,190.1033562335459,190.7977035810942,159.8422241423319,162.26433437160384,hard,5.0,501187.5028512821,743.2040475679541,501187.8296358974,744.3592293496
20,2,0.005,1.0,5011872,5.011872e6,2.065096634550922e-5,2.065096634550922e-5,0,0,0,0.0,200000,200000,31474.53846153846,147273.47641509434,155800.6037735849,140.27272727272728,63.09090909090909,27673.138457997673,28006.67091152275,24915.97238253501,25267.085936955402,hard,5.0,5.011910824697436e6,2353.084136369304,5.011890532441026e6,2359.15327488373
20,3,0.005,1.0,5011872,5.011872e6,0.00015702715472382375,0.00015702715472382375,0,0,0,0.0,200000,200000,5081.883720930233,156076.75506893755,160573.7397372742,49.204301075268816,51.82051282051282,3293.6434904783246,3326.7977714202384,2832.485912520535,2842.100617728479,hard,5.0,5.011892972579488e6,2353.1990537751044,5.0118934386769235e6,2357.8072329022975
20,2,0.005,1.0,50118723,5.0118723e7,1.7857597848213333e-6,1.7857597848213333e-6,0,0,0,0.0,200000,200000,342020.96774193546,160702.7512195122,166636.89795918367,111.06666666666666,17.166666666666668,285227.54916165624,290139.98023349216,253782.18434760932,258514.74206794097,hard,5.0,5.01190180114e7,7456.707112152364,5.011903664766154e7,7456.948052345333
20,3,0.005,1.0,50118723,5.0118723e7,1.1831905613397213e-5,1.1831905613397213e-5,0,0,0,0.0,200000,200000,53231.8064516129,151383.64830841857,156883.1531604538,95.5114503816794,93.45744680851064,52192.36037048901,52914.514821605255,44881.39772219305,45409.880456852785,hard,5.0,5.0119063322646156e7,7462.335093442796,5.0119045615384616e7,7452.521767100746
20,2,0.005,1.0,630957,630957.0,0.00021792293294154753,0.00021792293294154753,0,0,0,0.0,200000,200000,3291.217391304348,160723.3567839196,163257.32850241545,22.333333333333332,10.176470588235293,2341.563768538316,2361.8581315294396,2131.876326710628,2145.169855719184,hard,5.0,630963.210974359,833.4288115480864,630958.7002820512,833.7179064504141
20,3,0.005,1.0,630957,630957.0,0.001963683737560563,0.001963683737560563,0,0,0,0.0,200000,200000,579.6005917159763,158795.9701986755,157509.3952922078,34.01470588235294,10.521739130434783,257.4701596698944,258.196113526535,216.93039145422378,218.39814250607037,hard,5.0,630956.5216820512,833.6303674949919,630956.9987794872,835.4310238087148
20,2,0.005,1.0,6309573,6.309573e6,1.6403645698369764e-5,1.6403645698369764e-5,0,0,0,0.0,200000,200000,47121.56,166675.35858585857,174941.52849740934,105.625,13.666666666666666,36570.16332352168,37036.72255243157,32377.00026225103,32836.53723268761,hard,5.0,6.309615582784615e6,2636.286586308791,6.309612151164102e6,2642.9896481839014
20,3,0.005,1.0,6309573,6.309573e6,0.00011934246580553074,0.00011934246580553074,0,0,0,0.0,200000,200000,5843.496402877698,158835.84634346754,162972.22904564315,43.077922077922075,45.13846153846154,4374.358216245562,4419.868516914025,3797.7649340938374,3832.777751956356,hard,5.0,6.309596819825641e6,2644.0402149414736,6.3096066427692305e6,2647.0804760623582
20,2,0.005,1.0,63095734,6.3095734e7,1.355083689176197e-6,1.355083689176197e-6,0,0,0,0.0,200000,200000,474061.89285714284,155130.76076555025,169280.2806122449,159.10526315789474,174.66666666666666,357596.237734099,364159.4025223407,320410.5868987319,325892.7632216438,hard,5.0,6.3096120701261535e7,8346.373990980965,6.309614299680513e7,8348.63381433233
20,3,0.005,1.0,63095734,6.3095734e7,9.398416698029062e-6,9.398416698029062e-6,0,0,0,0.0,200000,200000,70281.85567010309,153120.77015163607,155937.99111470114,99.7433628318584,60.94897959183673,68524.33835628696,69508.66201541312,58988.9599761044,59831.01414701193,hard,5.0,6.309617598323077e7,8359.38085099957,6.3096160419307694e7,8363.504212427184
20,2,0.005,1.0,794328,794328.0,0.0001630308890030315,0.0001630308890030315,0,0,0,0.0,200000,200000,5091.439393939394,156537.84615384616,147370.7548076923,75.94444444444444,19.22222222222222,3204.509730408652,3236.2071449031682,2945.7504143351152,2979.7038171507243,hard,5.0,794331.1520102564,937.9035073847531,794329.5780512821,934.6242873232278
20,3,0.005,1.0,794328,794328.0,0.0014641306865677654,0.0014641306865677654,0,0,0,0.0,200000,200000,724.1680440771349,156334.914495114,153774.37428803905,5.5,9.325842696629213,345.0646087095211,346.99630958450217,291.7711002109193,293.62975245546306,hard,5.0,794327.4819641026,936.6879195768254,794330.5357794872,938.5645175198573
20,2,0.005,1.0,7943282,7.943282e6,1.2526308394943048e-5,1.2526308394943048e-5,0,0,0,0.0,200000,200000,37069.67647058824,149187.55825242717,165481.62,95.1875,8.3,47373.35169751882,48044.312666633174,42550.889397524064,43235.057734264745,hard,5.0,7.94332596403077e6,2967.1982208162885,7.943322486948718e6,2953.745001200077
20,3,0.005,1.0,7943282,7.943282e6,9.177566653179378e-5,9.177566653179378e-5,0,0,0,0.0,200000,200000,7459.289473684211,162894.09248554913,163365.60880398672,34.647887323943664,44.21875,5755.1688714251995,5815.374040549351,4855.565639444675,4918.768523182008,hard,5.0,7.943310481610256e6,2962.2542426267646,7.943326850046154e6,2963.9566492324616
20,2,0.005,1.0,79432823,7.9432823e7,1.0763812334858098e-6,1.0763812334858098e-6,0,0,0,0.0,200000,200000,455792.63636363635,169969.8855721393,174719.88383838383,187.0,63.625,432655.17378600803,440091.6917600054,393885.4828785358,401623.50300313905,hard,5.0,7.943329839424102e7,9383.426164245868,7.94332663496718e7,9364.133082667397
20,3,0.005,1.0,79432823,7.9432823e7,7.339535194412013e-6,7.339535194412013e-6,0,0,0,0.0,200000,200000,90104.0425531915,151556.6017628205,162018.72689768978,89.3425925925926,93.59722222222223,90419.7794110004,91759.85810760492,76574.28341931601,77744.61143299489,hard,5.0,7.943337490855384e7,9374.594328302794,7.943339310551283e7,9380.623417961579
