L,d,J,Jprop,NX,NY,rR_random,rH_random,rR_hosthost,rH_phagephage,rH_phagehost,rH_3body,simulation_time,GenePersisentTime,mean_establish_size,persTimeHost,persTimePhage,gapTimeHost,gapTimePhage,theta_GH,theta_GP,theta_gH,theta_gP,constraint,soft_threshold,mean_host_N,std_host_N,mean_phage_N,std_phage_N
10,2,0.005,1.0,100000,100000.0,5.0e-5,5.0e-5,0,0,0,0.0,250000,250000,10713.446103896104,2338.0600263852243,2293.006168831169,1247.9882825577502,1236.8088962108732,9963.48951905501,10326.877721680612,8373.429693878457,8656.185010779045,hard,5.0,100002.43317959184,331.76595194245834,100000.83569795918,332.35263227701466
10,3,0.005,1.0,100000,100000.0,2.0e-5,2.0e-5,0,0,0,0.0,250000,11785,32181.85714285714,5713.783333333334,5631.308333333333,0,0,26694.427954936295,34550.29765523091,38756.19623751769,44580.47230246515,hard,5.0,26327.839056742814,44050.58833259613,26323.136919675755,44042.67226673823
10,2,0.005,1.0,1000000,1.0e6,4.0e-6,4.0e-6,0,0,0,0.0,250000,250000,129369.40485829959,3520.9068479355487,3529.8608299595144,1519.0896445131375,1559.7172449508028,116618.70892221706,119619.32628324993,95197.80110405064,96500.88988426856,hard,5.0,1.0000252262979592e6,1051.7773163902148,1.000026187012245e6,1050.7820013846
10,3,0.005,1.0,1000000,1.0e6,2.0e-6,2.0e-6,0,0,0,0.0,250000,29521,235656.71022727274,4943.682080924856,4233.25,3583.4150943396226,4526.0,194746.24491979487,212465.45847497418,197084.29292387347,215463.47365330785,hard,5.0,796202.6673055749,402914.8537626435,796206.801190816,402916.97485432343
10,2,0.005,1.0,10000000,1.0e7,4.0e-7,4.0e-7,0,0,0,0.0,250000,250000,1.2895107354771784e6,5106.880213903743,4912.675311203319,1576.385393258427,1516.8150163220891,842791.5209916793,875706.2040007858,701321.8552036951,730450.049749704,hard,5.0,1.0000187389134694e7,3340.326533250125,1.0000179464840816e7,3351.55176180262
10,3,0.005,1.0,10000000,1.0e7,2.0e-7,2.0e-7,0,0,0,0.0,250000,66453,2.53742573943662e6,16300.51633986928,11954.96449704142,4799.0,5005.816326530612,808152.6768873963,727733.6249742735,789494.4344942558,760957.362992362,hard,5.0,9.186798873545637e6,2.7337728223279133e6,9.186813456186028e6,2.733777118514337e6
10,2,0.005,1.0,100000000,1.0e8,2.0e-8,2.0e-8,0,0,0,0.0,250000,250000,2.419056212264151e7,8578.051282051281,15292.63963963964,2702.4305555555557,2731.409090909091,3.5071050198273766e6,3.38997373893628e6,2.86312553199175e6,2.7305039996225103e6,hard,5.0,1.0000069619265306e8,11078.056384898018,1.0000068282678775e8,11085.120089675607
10,3,0.005,1.0,100000000,1.0e8,2.0e-8,2.0e-8,0,0,0,0.0,250000,250000,2.3112719499494437e7,3560.45178197065,3239.154701718908,7951.193045563549,8134.10586881473,1.045610937746324e7,1.1304231047096632e7,7.439903396075921e6,8.019846916885288e6,hard,5.0,1.000049923116694e8,34304.30687725107,1.0000514522859591e8,34399.43750357578
10,2,0.005,1.0,125892,125892.0,3.9716582467511835e-5,3.9716582467511835e-5,0,0,0,0.0,250000,160406,13520.337625979842,2454.010549694614,2462.162842753218,1223.9726651480637,1247.3771526980481,12551.929681336333,12964.680325316383,11219.508833733284,11509.120555745041,hard,5.0,121844.04727616694,22216.32285661524,121842.12168770832,22215.97957479581
10,3,0.005,1.0,125892,125892.0,3.177326597400947e-5,3.177326597400947e-5,0,0,0,0.0,250000,250000,16236.348275862068,1540.3841687633055,1471.3371603520857,4049.039627501486,4064.8801410105757,15849.331395759793,17496.817443881584,11273.400239806095,12418.443282146956,hard,5.0,125898.69793469388,373.52246985597526,125900.02465306122,374.3251621655911
10,2,0.005,1.0,1258925,1.258925e6,1.5886569890978415e-6,1.5886569890978415e-6,0,0,0,0.0,250000,46241,307725.61467889906,3782.778761061947,3400.29203539823,2534.3382352941176,2606.926470588235,146436.95422345857,136703.2494296798,145535.5979403897,139575.57783458818,hard,5.0,1.106349166969763e6,410898.4965547673,1.1063381814941443e6,410894.44245217904
10,3,0.005,1.0,1258925,1.258925e6,1.5886569890978415e-6,1.5886569890978415e-6,0,0,0,0.0,250000,250000,311253.38043036946,2209.1765437215086,2031.1039382866422,9073.892716964676,9117.31924882629,317136.50539585657,344547.8225470252,226224.62053103725,244709.41952140504,hard,5.0,1.259077442612245e6,1357.8004302233974,1.259082069065306e6,1354.4852650281148
10,2,0.005,1.0,12589254,1.2589254e7,1.588656484331796e-7,1.588656484331796e-7,0,0,0,0.0,250000,118911,3.1910773684210526e6,7138.4838709677415,6651.867346938776,2888.6875,2997.0,575765.7918271748,554971.7353833215,583338.0303452227,581084.1831853756,hard,5.0,1.2036914775903996e7,2.5788212270801137e6,1.2036878302218398e7,2.5788134221054963e6
10,3,0.005,1.0,12589254,1.2589254e7,1.588656484331796e-7,1.588656484331796e-7,0,0,0,0.0,250000,250000,3.1223801618998977e6,2888.6146694214876,2648.5903983656794,8984.042951541851,9112.311751904244,2.633579737332195e6,2.8724660614410993e6,1.865660230704158e6,2.011193322980309e6,hard,5.0,1.2590471928620407e7,7070.110799714999,1.2590507556893878e7,7080.408881762578
10,2,0.005,1.0,158489,158489.0,2.5238344616976572e-5,2.5238344616976572e-5,0,0,0,0.0,250000,250000,20246.646471846045,2341.498752228164,2345.7444761225943,1518.5452898550725,1527.7066280333213,19249.71603457316,19971.554666881675,15644.445537016705,16246.678879539455,hard,5.0,158492.55168979592,418.2763382950714,158490.90630612246,419.16893743407667
10,3,0.005,1.0,158489,158489.0,1.2619172308488286e-5,1.2619172308488286e-5,0,0,0,0.0,250000,27992,39835.072625698325,4221.5,3596.120603015075,4343.208333333333,4097.2531645569625,42746.21739843677,44892.46574648327,39765.613291365255,41596.980566952705,hard,5.0,124045.39948677801,65386.34547297035,124044.36999826027,65385.8027256869
10,2,0.005,1.0,1584893,1.584893e6,1.2619148422007038e-6,1.2619148422007038e-6,0,0,0,0.0,250000,47437,396168.10869565216,4564.5888888888885,5299.91,2601.4,2637.2909090909093,155962.759080979,146144.6563911188,162569.4512757156,153064.71233973833,hard,5.0,1.3982229141315361e6,510937.86592591327,1.3982209675754649e6,510937.1486799335
10,3,0.005,1.0,1584893,1.584893e6,1.2619148422007038e-6,1.2619148422007038e-6,0,0,0,0.0,250000,98651,391891.49943883275,2242.4659624413143,2027.2962962962963,8348.27868852459,8457.178988326848,387191.55841018766,425178.34627230506,301379.29760852276,331778.1725619847,hard,5.0,1.5004712163564723e6,356312.64725795295,1.5004672473865736e6,356311.7229225385
10,2,0.005,1.0,15848931,1.5848931e7,1.2619147625792553e-7,1.2619147625792553e-7,0,0,0,0.0,250000,209542,3.9965718771929825e6,3656.3136200716845,3516.2245614035087,3283.4619883040937,3360.6514285714284,1.9188359631025654e6,1.9385379184053547e6,1.6234483883986499e6,1.6497332492570668e6,hard,5.0,1.54619504493747e7,2.4473120152137694e6,1.5461922977838293e7,2.447307670385106e6
10,3,0.005,1.0,15848931,1.5848931e7,1.2619147625792553e-7,1.2619147625792553e-7,0,0,0,0.0,250000,250000,3.8465202445923463e6,3058.4391353811147,2785.7027176927345,9063.619658119658,9085.44266191325,3.0706531975956876e6,3.319788066781305e6,2.153630096038388e6,2.3202102271942003e6,hard,5.0,1.585034093392653e7,8332.514367035277,1.585037105500408e7,8391.568175655995
10,2,0.005,1.0,199526,199526.0,2.5059390756091938e-5,2.5059390756091938e-5,0,0,0,0.0,250000,250000,21379.925527973322,2777.4871124392976,2737.935902185995,1227.437689969605,1243.7287113790505,20061.479865347846,20774.375838085405,16667.2704649289,17448.38630162835,hard,5.0,199530.4068897959,469.9288028447078,199530.12887755103,468.4910312366005
10,3,0.005,1.0,199526,199526.0,1.0023756302436775e-5,1.0023756302436775e-5,0,0,0,0.0,250000,93155,49929.352297592995,1638.6547884187082,1512.9912472647702,8314.341902313625,8391.755667506297,52954.679891613574,56928.71268075724,40954.04783393521,43603.234404782546,hard,5.0,188237.9605807952,46155.856569208634,188230.24143837558,46153.95848891624
10,2,0.005,1.0,1995262,1.995262e6,1.0023746254877805e-6,1.0023746254877805e-6,0,0,0,0.0,250000,69341,491189.80102040817,3036.820652173913,2733.627551020408,3007.8129496402876,3043.1920529801323,256192.2934430478,247715.43752811532,234193.17397669825,234620.32918560886,hard,5.0,1.840266838656533e6,534129.037423272,1.8402833245830808e6,534133.8563723379
10,3,0.005,1.0,1995262,1.995262e6,1.0023746254877805e-6,1.0023746254877805e-6,0,0,0,0.0,250000,250000,492863.2964492155,2369.344241393965,2127.4603633360857,9150.807881773399,9151.857949609035,492931.3374768224,537541.2721646733,348304.87659875426,378771.36607249646,hard,5.0,1.9954798099142858e6,1810.0448509370133,1.9954953799918368e6,1806.835530958845
10,2,0.005,1.0,19952623,1.9952623e7,1.0023744747745697e-7,1.0023744747745697e-7,0,0,0,0.0,250000,147046,5.363831708737864e6,7596.373737373738,8074.570093457944,2669.759259259259,2615.8387096774195,859497.953337548,848321.9300876135,839612.1802439976,820536.464877281,hard,5.0,1.92506379272278e7,3.676662851774359e6,1.9250607836545907e7,3.6766571201140257e6
10,3,0.005,1.0,19952623,1.9952623e7,1.0023744747745697e-7,1.0023744747745697e-7,0,0,0,0.0,250000,250000,5.0345581601139605e6,3104.343878148799,2774.410826210826,8998.016383112792,9027.831192660551,3.9131628369461605e6,4.205050943081586e6,2.736069087407944e6,2.925437182267966e6,hard,5.0,1.9954444607204083e7,10497.44058295865,1.995446077117551e7,10545.82240981416
10,2,0.005,1.0,251188,251188.0,1.592432759526729e-5,1.592432759526729e-5,0,0,0,0.0,250000,250000,33723.41911476694,2595.8533178114085,2609.6098707403057,1585.3898104265402,1607.933014354067,31815.691558812763,32698.082914346865,26223.78496290858,27027.271969908896,hard,5.0,251197.08062448978,526.4080433596014,251195.00445714284,526.1154715755004
10,3,0.005,1.0,251188,251188.0,1.592432759526729e-5,1.592432759526729e-5,0,0,0,0.0,250000,250000,32073.644707772644,1751.4304515084025,1682.355421686747,4095.1709898319154,4127.728600823045,32517.454707012257,35018.24784736809,22566.562560507246,24469.01494558825,hard,5.0,251204.479522449,527.8802804009078,251208.95784489796,529.3543787142991
10,2,0.005,1.0,2511886,2.511886e6,7.962144778863372e-7,7.962144778863372e-7,0,0,0,0.0,250000,56904,717778.1057692308,5801.75,4922.394495412844,2469.728813559322,2688.5625,244518.50399262863,245740.71992027826,241167.0108003232,245165.67390174873,hard,5.0,2.2699974165189583e6,741075.6589054238,2.269999874768804e6,741076.4828148388
10,3,0.005,1.0,2511886,2.511886e6,7.962144778863372e-7,7.962144778863372e-7,0,0,0,0.0,250000,225030,632419.3305084746,2530.785641025641,2312.1600199401796,9261.20819672131,9299.953870625663,619706.8634677404,657024.8831895426,455428.52955556416,483305.8275300666,hard,5.0,2.455079038540199e6,374338.25669777923,2.455092218588374e6,374340.26974198525
10,2,0.005,1.0,25118864,2.5118864e7,7.962143510948585e-8,7.962143510948585e-8,0,0,0,0.0,250000,138957,5.7963949754098365e6,6363.5344827586205,5798.604838709677,2407.225352112676,2694.6582278481014,1.143551822138542e6,1.0961463300614904e6,1.1472107425726706e6,1.0826485792815064e6,hard,5.0,2.4181687268690698e7,4.761084760709088e6,2.4181739535642035e7,4.761095055746193e6
10,3,0.005,1.0,25118864,2.5118864e7,7.962143510948585e-8,7.962143510948585e-8,0,0,0,0.0,250000,250000,5.977217673304293e6,3212.044900577293,2943.3764779091475,8494.419041000694,8578.46200403497,4.251138551408968e6,4.593177345067856e6,3.013816815666349e6,3.2499709912904045e6,hard,5.0,2.512081259287347e7,11785.880024041688,2.512085991325306e7,11873.990649728252
10,2,0.005,1.0,316227,316227.0,1.2649141281421258e-5,1.2649141281421258e-5,0,0,0,0.0,250000,250000,41300.47793240556,2711.9236334405145,2665.2091451292245,1549.410560785919,1553.0595141700405,38807.12876793493,40074.37822628093,31171.45189337959,32166.047695159115,hard,5.0,316235.15203265304,593.1572439165078,316232.6772163265,590.934989254863
10,3,0.005,1.0,316227,316227.0,6.324570640710629e-6,6.324570640710629e-6,0,0,0,0.0,250000,41341,74067.76802507837,2759.534810126582,2594.329268292683,6157.7040816326535,6208.533653846154,83593.56446591184,87540.63223386854,68589.8957977474,72590.2447660392,hard,5.0,272758.79598800256,108935.37236191158,272760.66291516466,108936.13811296583
10,2,0.005,1.0,3162277,3.162277e6,6.324556640673793e-7,6.324556640673793e-7,0,0,0,0.0,250000,69485,748636.1900826446,3919.2946428571427,3702.569105691057,2829.1194029850744,2828.7051282051284,257492.71640937496,242474.95955852498,252826.09482809293,241595.72785742578,hard,5.0,2.9171886347987903e6,845674.1264539299,2.917179632534698e6,845671.5251992032
10,3,0.005,1.0,3162277,3.162277e6,6.324556640673793e-7,6.324556640673793e-7,0,0,0,0.0,250000,250000,778794.3078924544,2536.4178112538766,2323.109713790113,9093.761815629387,9156.450594693504,739335.4825185392,800845.5166110382,522035.80730089446,562636.0389599737,hard,5.0,3.1626195534734693e6,2415.6396843212074,3.162632889685714e6,2430.911466363664
10,2,0.005,1.0,31622776,3.1622776e7,6.32455544067352e-8,6.32455544067352e-8,0,0,0,0.0,250000,173902,8.034080029411765e6,39539.94520547945,31338.30487804878,2276.464285714286,2388.0,966513.7654147547,917362.4073091766,976515.3854863648,942041.7134264667,hard,5.0,3.0687040261406023e7,5.359258058925984e6,3.0687015950225573e7,5.359253811208453e6
10,3,0.005,1.0,31622776,3.1622776e7,6.32455544067352e-8,6.32455544067352e-8,0,0,0,0.0,250000,250000,7.777949921715452e6,3199.2883817427387,2923.1769911504425,8916.451734539969,9051.826538176427,5.083506694737037e6,5.530907424679734e6,3.5829969666330065e6,3.850874650069501e6,hard,5.0,3.1625148882302042e7,13904.141992278093,3.1625193914555103e7,13988.762193836239
10,2,0.005,1.0,398107,398107.0,1.0047550030519434e-5,1.0047550030519434e-5,0,0,0,0.0,250000,250000,51051.14563508482,2916.0175365344467,2843.1075713694663,1522.7093617021276,1530.3140809443507,47684.6736794007,49480.030380440694,38336.50853660696,39482.97655788175,hard,5.0,398120.3630367347,663.2171581353583,398115.20108163264,663.5232410853653
10,3,0.005,1.0,398107,398107.0,5.023775015259717e-6,5.023775015259717e-6,0,0,0,0.0,250000,41082,99349.0201342282,2754.198606271777,2615.104918032787,6462.538922155689,6659.989189189189,108043.55505187572,110403.57931987746,89705.26078746824,92230.88539397964,hard,5.0,342991.05271326425,137554.14520159064,342987.09952330805,137552.53998703993
10,2,0.005,1.0,3981071,3.981071e6,5.023773753344263e-7,5.023773753344263e-7,0,0,0,0.0,250000,60263,963578.5544554455,5747.656565656565,5170.924528301887,2351.6666666666665,2312.1475409836066,338937.41601799085,327620.754424391,344494.51781186176,333955.1871825398,hard,5.0,3.62103291352261e6,1.1419579798522312e6,3.6210066037131534e6,1.1419497032438626e6
10,3,0.005,1.0,3981071,3.981071e6,5.023773753344263e-7,5.023773753344263e-7,0,0,0,0.0,250000,204233,940880.3674392313,2640.8645833333335,2429.4431882419444,8823.141169154229,9004.906610066708,907540.8264043337,952022.9208379012,664841.9242002362,701070.0936859807,hard,5.0,3.8815695431429534e6,622718.8271776128,3.881566419458624e6,622718.4242709094
10,2,0.005,1.0,39810717,3.9810717e7,5.0237728700038236e-8,5.0237728700038236e-8,0,0,0,0.0,250000,177259,1.0814218009708738e7,6859.165048543689,6649.4,2403.4655172413795,2607.7166666666667,1.5350313844379992e6,1.4530759637267743e6,1.4287966744556734e6,1.3686366865643964e6,hard,5.0,3.865566553910681e7,6.682826089918029e6,3.865568758145002e7,6.682829870550894e6
10,3,0.005,1.0,39810717,3.9810717e7,5.0237728700038236e-8,5.0237728700038236e-8,0,0,0,0.0,250000,250000,9.73714379169503e6,3145.6733703190016,2855.1259360108916,8534.217851739788,8578.16604892513,6.198998629908958e6,6.826349306830172e6,4.406891346411411e6,4.822907857549019e6,hard,5.0,3.981378047748572e7,17716.070066060845,3.981381716993877e7,17821.189411702984
10,2,0.005,1.0,501187,501187.0,3.990526490112473e-6,3.990526490112473e-6,0,0,0,0.0,250000,24829,125728.171875,3863.4848484848485,3588.1267605633802,1872.4761904761904,2083.269230769231,76615.70798454084,69592.3446813887,88714.54910118703,79848.89820731874,hard,5.0,374844.29154269,217637.9994015502,374842.68253568007,217637.09129843765
10,3,0.005,1.0,501187,501187.0,3.990526490112473e-6,3.990526490112473e-6,0,0,0,0.0,250000,164150,124458.05023923445,1893.3233496332518,1735.1226076555024,8679.276385224275,8742.862757731958,128893.82285646025,140664.09066450375,95725.93678524921,103390.2746251798,hard,5.0,485500.5832799246,87433.24011446653,485503.95223374176,87433.89713153479
10,2,0.005,1.0,5011872,5.011872e6,3.990524897682942e-7,3.990524897682942e-7,0,0,0,0.0,250000,75892,1.3853089838709678e6,16286.450704225352,12731.04109589041,2575.4615384615386,2831.6428571428573,247074.0735971851,239049.99518946212,261046.6967010896,251363.18876506898,hard,5.0,4.658510848022344e6,1.2831362891556344e6,4.658520904686001e6,1.283139043429695e6
10,3,0.005,1.0,5011872,5.011872e6,3.990524897682942e-7,3.990524897682942e-7,0,0,0,0.0,250000,250000,1.2116703033259423e6,2654.4244897959184,2422.5033259423503,8904.413429256594,8950.0,1.1414477267691111e6,1.2474568302351271e6,794353.8722393397,870911.7887635356,hard,5.0,5.012408022114285e6,3431.1215790303395,5.012409765089796e6,3442.6234280810577
10,2,0.005,1.0,50118723,5.0118723e7,3.9905246588186215e-8,3.9905246588186215e-8,0,0,0,0.0,250000,250000,1.191648769675926e7,4376.0163551401865,4238.511574074074,3140.691906005222,3148.594315245478,4.1278951711539016e6,4.1839644917151844e6,3.4280909173295703e6,3.4836265786060826e6,hard,5.0,5.0119547812714286e7,8102.896409576833,5.011952434231837e7,8083.446959903948
10,3,0.005,1.0,50118723,5.0118723e7,3.9905246588186215e-8,3.9905246588186215e-8,0,0,0,0.0,250000,250000,1.2046286648334624e7,3388.4455835962144,3083.446940356313,8505.837108013937,8552.193851409053,6.939259386876722e6,7.435897146860746e6,5.051944214104346e6,5.332871063622719e6,hard,5.0,5.012195528113878e7,19740.99942428889,5.0122013001951024e7,19866.578152542523
10,2,0.005,1.0,630957,630957.0,6.339576231026837e-6,6.339576231026837e-6,0,0,0,0.0,250000,250000,84409.87437641724,3168.791818181818,3136.1931972789116,1557.587006960557,1555.4435185185184,77710.79044092144,80786.86157544634,63370.30296521127,65794.13219004577,hard,5.0,630973.9818979591,836.5002311851888,630974.8846,833.3355834419727
10,3,0.005,1.0,630957,630957.0,3.1697881155134183e-6,3.1697881155134183e-6,0,0,0,0.0,250000,214170,157399.4577231932,2030.7336202773793,1876.4246575342465,9225.356671740234,9320.377566349523,158995.62828386162,171726.53842648596,115210.76373744929,125762.723768908,hard,5.0,615946.0934885499,96384.36883196705,615950.4564134437,96385.06170306404
10,2,0.005,1.0,6309573,6.309573e6,3.1697866083806306e-7,3.1697866083806306e-7,0,0,0,0.0,250000,118499,1.6967723730769232e6,3445.19391634981,3214.7384615384617,3202.6880733944954,3378.241860465116,665209.7200035698,661782.1264385242,586929.2577687849,588674.5036670002,hard,5.0,6.031783390910933e6,1.2947181524206742e6,6.031784569855241e6,1.294718389938659e6
10,3,0.005,1.0,6309573,6.309573e6,3.1697866083806306e-7,3.1697866083806306e-7,0,0,0,0.0,250000,250000,1.527524673130194e6,2685.438465138044,2465.0304709141274,8821.06544372831,8889.714565004888,1.3904839715864304e6,1.496221249748936e6,976429.912401258,1.0582745015442264e6,hard,5.0,6.310237880987755e6,4102.9920639603115,6.310240878355102e6,4110.4578678995795
10,2,0.005,1.0,63095734,6.3095734e7,3.1697864074297005e-8,3.1697864074297005e-8,0,0,0,0.0,250000,250000,1.5854329061320756e7,4593.056338028169,4253.245283018868,3045.154761904762,3055.5868263473053,3.2984780338589554e6,3.3605857679020725e6,2.6510155870747236e6,2.763320355752571e6,hard,5.0,6.3096344233342856e7,8988.385599034647,6.309635046247755e7,8957.702524704664
10,3,0.005,1.0,63095734,6.3095734e7,3.1697864074297005e-8,3.1697864074297005e-8,0,0,0,0.0,250000,250000,1.502634069746525e7,3278.029069767442,2997.721995094031,8223.979704797048,8218.665457842248,8.117003268027302e6,8.62474381943774e6,5.857769997644366e6,6.056938340832415e6,hard,5.0,6.309970349833469e7,24775.595870585796,6.309975201115918e7,24872.133651413566
10,2,0.005,1.0,794328,794328.0,2.517851567614386e-6,2.517851567614386e-6,0,0,0,0.0,250000,28867,184798.03333333333,16133.28,11899.8,2920.2,1820.8,54451.35144962048,43623.50754773444,73966.80312857754,64653.79166257634,hard,5.0,627950.365860812,323232.1175879082,627959.0648594294,323236.60419291223
10,3,0.005,1.0,794328,794328.0,2.517851567614386e-6,2.517851567614386e-6,0,0,0,0.0,250000,52941,197385.4331797235,2132.4574209245743,1942.0275862068966,7059.8247422680415,7225.584126984127,189055.5409980182,201282.56379882514,164641.4634925039,168767.54035241605,hard,5.0,711578.6487140444,242790.28678754918,711578.4188273086,242790.21705383452
10,2,0.005,1.0,7943282,7.943282e6,2.517850933656894e-7,2.517850933656894e-7,0,0,0,0.0,250000,117286,2.0269617757009345e6,3575.700980392157,3336.266355140187,3247.8427672955977,3275.9881656804732,679813.2396132963,685336.6880820309,631217.2516561048,627880.2196120034,hard,5.0,7.589760047717436e6,1.6383198600753723e6,7.589770598409419e6,1.6383221650812314e6
10,3,0.005,1.0,7943282,7.943282e6,2.517850933656894e-7,2.517850933656894e-7,0,0,0,0.0,250000,250000,1.9497783264818355e6,2862.9208984375,2597.0869980879543,9145.211099585062,9104.372210953346,1.804630284168842e6,1.9221841019185602e6,1.2864866962025438e6,1.3552729651353124e6,hard,5.0,7.944085895510204e6,4914.619724623416,7.9441101988e6,4925.897887450445
10,2,0.005,1.0,79432823,7.9432823e7,2.5178508385632977e-8,2.5178508385632977e-8,0,0,0,0.0,250000,250000,1.9181898544303797e7,5672.05298013245,5477.314465408805,2938.4716981132074,3083.59649122807,3.300045487785023e6,3.2517936174773215e6,2.641570248426478e6,2.6198154459926533e6,hard,5.0,7.943351810052244e7,9969.053732371023,7.943349882369387e7,9944.022045885704
10,3,0.005,1.0,79432823,7.9432823e7,2.5178508385632977e-8,2.5178508385632977e-8,0,0,0,0.0,250000,250000,1.9009747678030305e7,3459.2531522793406,3136.2679924242425,8183.532381997805,8234.65064102564,9.214931075001981e6,9.804176499514101e6,6.5605838343561e6,7.00577081979737e6,hard,5.0,7.943710526662041e7,28886.26888470643,7.94371957184204e7,29059.17820799001
15,2,0.005,1.0,100000,100000.0,7.5e-5,7.5e-5,0,0,0,0.0,250000,250000,7076.273864563503,1614.4527629233512,1578.4545578046461,1874.553839732888,1878.5693219404632,6702.141867544457,7052.063692867858,5858.624135596936,6164.297533235459,hard,5.0,100002.74525714286,332.2695947943257,100005.72694693877,332.71517243752464
15,3,0.005,1.0,100000,100000.0,3.0e-5,3.0e-5,0,0,0,0.0,250000,19738,11254.742574257425,7740.972,8132.195171026157,2746.2,3005.4523809523807,23610.818240633023,29970.19370987623,26524.196686636908,30598.20420113026,hard,5.0,66093.90188628036,47355.59379059777,66103.48785452571,47362.51510055988
15,2,0.005,1.0,1000000,1.0e6,6.0e-6,6.0e-6,0,0,0,0.0,250000,250000,86920.81544477028,2529.3431044658664,2476.2496578690125,2301.995781438329,2333.555489021956,83359.44317779526,88309.05625645051,72215.62396117506,76458.37040660756,hard,5.0,1.0000416464204082e6,1055.6097656658615,1.0000452607877551e6,1055.6413109885257
15,3,0.005,1.0,1000000,1.0e6,3.0e-6,3.0e-6,0,0,0,0.0,250000,150271,155465.0348017621,2305.563207974626,1755.7025956885175,20421.821347031964,20667.392739273928,202908.9208529992,258285.89027664563,167104.31013977996,211071.35840227193,hard,5.0,965860.706720543,182351.9683673863,965893.8887871633,182359.52772708272
15,2,0.005,1.0,10000000,1.0e7,3.0e-7,3.0e-7,0,0,0,0.0,250000,99541,1.5747593384279476e6,3194.212962962963,2945.6260869565217,3718.755351681957,3847.1154929577465,655845.0948524699,666284.6729642198,627661.2170184766,637372.2270203632,hard,5.0,9.471529724701453e6,2.237953986439751e6,9.471530032356333e6,2.237954070860748e6
15,3,0.005,1.0,10000000,1.0e7,3.0e-7,3.0e-7,0,0,0,0.0,250000,250000,1.6000041882601797e6,2893.4078617228884,2162.402696985722,23247.175925925927,23501.857529305682,1.9736376015166857e6,2.56405052636257e6,1.5958726466488189e6,2.0789201142646992e6,hard,5.0,1.0002960047938775e7,22838.180345015462,1.0003229315955102e7,23818.57762112789
15,2,0.005,1.0,100000000,1.0e8,3.0e-8,3.0e-8,0,0,0,0.0,250000,250000,1.6456650542045455e7,3802.90382387022,3520.825,4607.460422163588,4620.748387096774,5.5093163350471975e6,5.82192293441584e6,4.911550329364874e6,5.177473575084392e6,hard,5.0,1.0000268299699591e8,17029.59232473615,1.0000271155065306e8,17133.89832295618
15,3,0.005,1.0,100000000,1.0e8,3.0e-8,3.0e-8,0,0,0,0.0,250000,250000,1.5353035912827311e7,3725.3997882851095,2756.812396420285,20972.86759142497,21488.30913348946,1.4723832814762438e7,2.0244650864843927e7,1.1715160902944148e7,1.6002515670020487e7,hard,5.0,1.0002272559658368e8,191620.62281140496,1.0002473535767755e8,200326.19545206937
15,2,0.005,1.0,125892,125892.0,5.9574873701267756e-5,5.9574873701267756e-5,0,0,0,0.0,250000,250000,8861.390695067264,1733.3777714610574,1691.7497898571028,1879.192901457221,1866.4658040665433,8527.459998518405,9042.952132064214,7412.686434218242,7787.412280916142,hard,5.0,125896.12973469388,373.7465807140806,125895.29310204081,372.38261815874574
15,3,0.005,1.0,125892,125892.0,2.38299494805071e-5,2.38299494805071e-5,0,0,0,0.0,250000,15746,15895.313559322034,7799.175965665236,7993.895878524946,1463.090909090909,2361.1666666666665,23300.839405679068,30146.65156579286,31615.10737674566,35456.15962626347,hard,5.0,67341.82802903406,62810.42966326799,67348.41615484831,62816.62543492031
15,2,0.005,1.0,1258925,1.258925e6,2.382985483646762e-6,2.382985483646762e-6,0,0,0,0.0,250000,32434,211319.4271356784,3025.2938144329896,2931.2028985507245,3141.955056179775,3361.921568627451,139496.58826390325,142702.91317456542,155730.27839785974,157676.61114840576,hard,5.0,1.0295719178756288e6,486008.9296079586,1.0295772358387402e6,486011.42246601195
15,3,0.005,1.0,1258925,1.258925e6,2.382985483646762e-6,2.382985483646762e-6,0,0,0,0.0,250000,234413,209119.73530208616,2174.4222222222224,1616.0243836358711,22485.95930047695,22708.885352286772,262764.70506293303,348970.61253181164,216559.91859322076,284931.1790269991,hard,5.0,1.2319022279426188e6,183890.49441624578,1.2319408872600943e6,183898.32328045147
15,2,0.005,1.0,12589254,1.2589254e7,2.382984726497694e-7,2.382984726497694e-7,0,0,0,0.0,250000,123580,2.0985191751724137e6,3207.145560407569,2945.8193103448275,4682.855670103093,4670.237096774194,1.1011367063357038e6,1.1395786595009419e6,1.0029007790240906e6,1.0409754698807062e6,hard,5.0,1.2058984515196491e7,2.5298915894391937e6,1.2058965633015685e7,2.52988761690352e6
15,3,0.005,1.0,12589254,1.2589254e7,2.382984726497694e-7,2.382984726497694e-7,0,0,0,0.0,250000,250000,1.957954582777926e6,2935.224368077251,2198.621434284191,22250.166340508807,22813.432645631066,2.425109890959586e6,3.0296174054576517e6,1.9562274759626887e6,2.432186157575441e6,hard,5.0,1.2592878414840816e7,27852.37402532144,1.2593206887342857e7,29002.81809158163
15,2,0.005,1.0,158489,158489.0,4.732189615683107e-5,4.732189615683107e-5,0,0,0,0.0,250000,250000,10916.461505681818,1815.3838165296409,1763.5110795454545,1852.748828353837,1838.814708002884,10646.524652210459,11286.178422464385,9557.501629369208,10189.785858221763,hard,5.0,158492.96223265305,418.8573528016467,158493.22986122448,419.41572472874265
15,3,0.005,1.0,158489,158489.0,1.8928758462732428e-5,1.8928758462732428e-5,0,0,0,0.0,250000,29111,25136.2523659306,9699.62271062271,9407.550373134329,5025.274725274725,6126.20987654321,33474.068180191876,47633.61050738978,32872.130053381195,43936.7728681218,hard,5.0,125669.33204761312,64274.73751562385,125670.76873626145,64275.57313752351
15,2,0.005,1.0,1584893,1.584893e6,3.7857445266021112e-6,3.7857445266021112e-6,0,0,0,0.0,250000,250000,136690.15763239877,2748.733642887294,2639.108618899273,2302.4232678609974,2323.3326963906584,128028.14748535494,138054.62807945514,111109.47522548512,119549.8991751221,hard,5.0,1.5849625048979593e6,1328.4422666877024,1.584961526865306e6,1332.6569623733833
15,3,0.005,1.0,1584893,1.584893e6,1.8928722633010556e-6,1.8928722633010556e-6,0,0,0,0.0,250000,250000,251526.98552932218,2356.431002880335,1760.188626554963,23316.22146254459,23671.999712973593,322374.85244424606,419082.4937966782,260489.58732148624,333818.19137139426,hard,5.0,1.5853705394734694e6,3819.859500748236,1.5854134879591838e6,3963.664778120119
15,2,0.005,1.0,15848931,1.5848931e7,1.892872143868883e-7,1.892872143868883e-7,0,0,0,0.0,250000,154238,2.5601728435155414e6,3190.048206278027,2935.0460878885315,4453.424396442186,4508.888888888889,1.2780780191656202e6,1.3725579738199776e6,1.1922992558956966e6,1.2545525865896847e6,hard,5.0,1.5318686162438521e7,2.8518314354040464e6,1.5318673256630348e7,2.8518290505303005e6
15,3,0.005,1.0,15848931,1.5848931e7,1.892872143868883e-7,1.892872143868883e-7,0,0,0,0.0,250000,250000,2.453993760997854e6,3105.8123934053438,2302.884151246983,22146.823375775384,22501.12583995113,2.929356585651777e6,3.9528861829498652e6,2.3611313108120775e6,3.17113893570145e6,hard,5.0,1.5853473887146939e7,35093.43141811348,1.5853866632734694e7,36642.75540564106
15,2,0.005,1.0,199526,199526.0,3.0071268907310326e-5,3.0071268907310326e-5,0,0,0,0.0,250000,250000,16969.485356329318,1858.6602196361252,1819.1185944363103,2305.7064709806536,2315.084574644158,16659.675175128443,17669.50567124804,14534.152119591476,15465.015371304695,hard,5.0,199535.14362040817,469.67623894919547,199534.60870204083,470.4116740976011
15,3,0.005,1.0,199526,199526.0,1.5035634453655163e-5,1.5035634453655163e-5,0,0,0,0.0,250000,71873,31912.24954296161,3165.1247877758915,3319.695059625213,12842.260027662518,13024.561891515994,38973.68321246977,53662.83536925856,33848.45214625416,45303.75066911169,hard,5.0,184670.38882658174,52495.173658107255,184677.2453456552,52497.2734366331
15,2,0.005,1.0,1995262,1.995262e6,1.5035619382316708e-6,1.5035619382316708e-6,0,0,0,0.0,250000,37760,349139.1743589744,4250.919354838709,3791.2753623188405,2950.8024691358023,3150.107843137255,182538.55991177977,198080.2646037353,198952.74674251143,214423.01614560367,hard,5.0,1.6908751096459096e6,717534.8777333105,1.6908787186507937e6,717536.4188748777
15,3,0.005,1.0,1995262,1.995262e6,1.5035619382316708e-6,1.5035619382316708e-6,0,0,0,0.0,250000,89589,318548.8628072958,4458.999161073825,3444.5171073094866,15748.097693351425,16390.330926594466,415572.19014514075,521973.22294889716,362221.2107492935,455640.585161325,hard,5.0,1.877919227547317e6,470667.3451094373,1.8779721276998192e6,470682.6303580349
15,2,0.005,1.0,19952623,1.9952623e7,1.5035617121618545e-7,1.5035617121618545e-7,0,0,0,0.0,250000,97173,3.2926887439024393e6,17865.338983050846,14713.394736842105,3674.5416666666665,4057.7294117647057,612501.5919225132,587900.6889272209,673643.8996433238,648585.2779693403,hard,5.0,1.887076862400052e7,4.51897857872886e6,1.8870731138717413e7,4.518969601936893e6
15,3,0.005,1.0,19952623,1.9952623e7,1.5035617121618545e-7,1.5035617121618545e-7,0,0,0,0.0,250000,250000,3.073684036746143e6,3212.184078129624,2395.875455820477,22351.499316005473,22845.95852090032,3.5352602287081135e6,4.671534811498288e6,2.825568952040097e6,3.708430719822609e6,hard,5.0,1.995794467220408e7,41965.802965919924,1.9958381105195917e7,43754.23057092873
15,2,0.005,1.0,251188,251188.0,2.3886491392900933e-5,2.3886491392900933e-5,0,0,0,0.0,250000,250000,21710.949833887043,1947.6255876427133,1893.4611295681063,2299.825329003589,2314.7682163989857,21264.62914251253,22686.900119383008,18711.400575747153,19897.97522764095,hard,5.0,251198.97202857144,527.2748018223996,251197.36746938777,528.2349266588888
15,3,0.005,1.0,251188,251188.0,1.1943245696450467e-5,1.1943245696450467e-5,0,0,0,0.0,250000,11621,53795.0,6185.2791208791205,6244.2,0,0,65835.5780455904,99556.52644130006,86105.09180769535,113968.65200716727,hard,5.0,61555.99184413231,108074.5323858963,61563.516689321856,108087.75587220617
15,2,0.005,1.0,2511886,2.511886e6,1.1943217168295059e-6,1.1943217168295059e-6,0,0,0,0.0,250000,38625,402241.28217821784,5246.263157894737,3697.0469483568077,2610.6823529411763,2650.962962962963,212168.7781130655,204421.35220016865,231531.9528173655,233326.49443561918,hard,5.0,2.1385335524163567e6,893684.9779536587,2.138546667063197e6,893690.4852326572
15,3,0.005,1.0,2511886,2.511886e6,1.1943217168295059e-6,1.1943217168295059e-6,0,0,0,0.0,250000,140854,385639.99906015035,2695.8726178535608,2126.5978413890193,19734.398310591292,20065.3669451074,489761.9488449381,659969.0336486098,402797.80316383735,543706.2448393638,hard,5.0,2.420153598561691e6,473066.03483502934,2.420211388041574e6,473080.35845135554
15,2,0.005,1.0,25118864,2.5118864e7,1.1943215266422876e-7,1.1943215266422876e-7,0,0,0,0.0,250000,177728,4.291669814006888e6,3303.3845238095237,3061.735935706085,4700.963265306123,4799.498694516971,1.8254425684775293e6,1.9065394196574928e6,1.6483498565280936e6,1.7440230863159548e6,hard,5.0,2.4392709840159096e7,4.211136574139817e6,2.439272221874276e7,4.211138782546873e6
15,3,0.005,1.0,25118864,2.5118864e7,1.1943215266422876e-7,1.1943215266422876e-7,0,0,0,0.0,250000,250000,3.9833960392268333e6,3185.0269541778976,2389.6293348493464,22094.598127600555,22490.94253999347,4.458395778082817e6,5.870001954408856e6,3.5724789038529727e6,4.697691649873931e6,hard,5.0,2.5125720453616325e7,53654.235866395386,2.5126363066020407e7,55901.92586128077
15,2,0.005,1.0,316227,316227.0,1.8973711922131886e-5,1.8973711922131886e-5,0,0,0,0.0,250000,250000,27437.617546264566,2049.6037473976407,1992.570253598355,2334.055310125464,2344.2715058454023,26600.719060489628,28513.833128390932,22838.014513159644,24573.917299871842,hard,5.0,316237.9839795918,592.4878777714729,316242.7349020408,592.6922011145687
15,3,0.005,1.0,316227,316227.0,9.486855961065943e-6,9.486855961065943e-6,0,0,0,0.0,250000,43794,47925.820037105754,8880.582966226139,8378.362962962963,8583.70353982301,9561.15,68034.44825751823,88584.62079812578,62427.92471236044,78282.47082776697,hard,5.0,275554.62806104036,105984.73697315868,275567.39096252,105989.85084838972
15,2,0.005,1.0,3162277,3.162277e6,9.486834961010689e-7,9.486834961010689e-7,0,0,0,0.0,250000,41203,533204.40625,8039.032051282052,6588.326086956522,2708.549019607843,2839.5822784810125,214988.68082709337,215649.85144840155,229779.32961980006,232548.2235888855,hard,5.0,2.725711638842085e6,1.0909953851409315e6,2.725709747728089e6,1.090994652494775e6
15,3,0.005,1.0,3162277,3.162277e6,9.486834961010689e-7,9.486834961010689e-7,0,0,0,0.0,250000,250000,504419.90994419076,2546.1015687317204,1919.4722292670556,23314.044767090138,23659.510607798165,627783.9152359592,842164.7687417484,497969.57988954475,673421.7973800267,hard,5.0,3.1632574732040814e6,7517.191175707027,3.1633401928734696e6,7835.865806899343
15,2,0.005,1.0,31622776,3.1622776e7,9.486833161010279e-8,9.486833161010279e-8,0,0,0,0.0,250000,247019,5.176401861442006e6,3726.039113428944,3477.73605015674,4744.242827151855,4745.851006711409,2.952110553509297e6,3.1389529351290492e6,2.6498404829918495e6,2.8084882502811747e6,hard,5.0,3.097091068446279e7,4.49784700551323e6,3.0970921630177796e7,4.497848596678448e6
15,3,0.005,1.0,31622776,3.1622776e7,9.486833161010279e-8,9.486833161010279e-8,0,0,0,0.0,250000,250000,4.900143733831561e6,3254.8605150214594,2403.33572865766,21621.260420377628,21948.649470899472,5.237360464684187e6,7.181311913327533e6,4.218265951803664e6,5.76755975846023e6,hard,5.0,3.163112095042857e7,65138.67235139596,3.1631840718110204e7,67844.81844035922
15,2,0.005,1.0,398107,398107.0,1.507132504577915e-5,1.507132504577915e-5,0,0,0,0.0,250000,250000,34626.09213951067,2107.920690870638,2031.0787784140205,2333.190878075058,2348.7849063273243,33258.017991465196,35757.22913727797,29148.4722073836,31242.69835278107,hard,5.0,398125.51076734695,664.4124043966044,398125.0195387755,664.5914902306583
15,3,0.005,1.0,398107,398107.0,7.535662522889575e-6,7.535662522889575e-6,0,0,0,0.0,250000,165935,64802.640725349454,1887.2596517789552,1470.3738704819277,20011.510288065845,20446.287596547023,80396.26212240622,103096.53236606494,66709.49216330927,84568.18622101056,hard,5.0,385862.4502625284,69096.89744016,385872.0810327151,69099.15894596741
15,2,0.005,1.0,3981071,3.981071e6,1.507132126003279e-6,1.507132126003279e-6,0,0,0,0.0,250000,250000,340737.8705106279,3168.774097135741,3048.1539213290985,2247.237851662404,2274.760782347041,296701.1612427762,316708.3285475161,258107.4374555318,276127.71273153654,hard,5.0,3.981241562346939e6,2121.1304230603864,3.9812302671265304e6,2118.6087641549148
15,3,0.005,1.0,3981071,3.981071e6,7.535660630016395e-7,7.535660630016395e-7,0,0,0,0.0,250000,74867,598312.1361502347,5438.381104033971,3773.6806953339433,13008.64476386037,14778.28369905956,755903.8874673658,999143.9004102354,674148.0917967025,866416.9152046232,hard,5.0,3.6972863541872413e6,1.0264267781997586e6,3.6973705650879527e6,1.0264534524582237e6
15,2,0.005,1.0,39810717,3.9810717e7,7.535659305005735e-8,7.535659305005735e-8,0,0,0,0.0,250000,250000,6.5427093904068e6,3510.579646017699,3261.2695810564664,4735.090724441436,4732.517509727626,3.529780938336479e6,3.8191323047614857e6,3.119558531557627e6,3.3831144494210766e6,hard,5.0,3.981242600709796e7,9473.163783164315,3.981245347560408e7,9492.386587181503
15,3,0.005,1.0,39810717,3.9810717e7,7.535659305005735e-8,7.535659305005735e-8,0,0,0,0.0,250000,250000,6.022399244290257e6,3376.2305084745763,2484.976004625614,21472.378136200718,21898.140479360853,6.508012659143473e6,8.436036759016301e6,5.186202786236515e6,6.72999780962536e6,hard,5.0,3.982079849937143e7,81589.0584101658,3.982161100673061e7,85170.74637167272
15,2,0.005,1.0,501187,501187.0,1.4964474337921774e-5,1.4964474337921774e-5,0,0,0,0.0,250000,250000,34550.75679683638,2365.462,2319.2944471906408,1813.882951653944,1825.3226022803487,33367.22997075883,35092.26477321957,29025.374544164424,30361.48541914426,hard,5.0,501203.1420367347,742.4129135081532,501202.9014857143,745.2488976097073
15,3,0.005,1.0,501187,501187.0,5.9857897351687096e-6,5.9857897351687096e-6,0,0,0,0.0,250000,9277,0,4277.0,4277.0,0,0,NaN,NaN,NaN,NaN,hard,5.0,0.0,0.0,0.0,0.0
15,2,0.005,1.0,5011872,5.011872e6,1.1971574693048825e-6,1.1971574693048825e-6,0,0,0,0.0,250000,250000,434003.98640522873,3339.0289508632136,3235.315816993464,2323.6390710382516,2342.727688172043,369328.29923065065,397220.7078001071,327387.7791350824,352322.3840053951,hard,5.0,5.012065870044898e6,2394.3996243521333,5.01207339764898e6,2394.1280267613724
15,3,0.005,1.0,5011872,5.011872e6,5.985787346524412e-7,5.985787346524412e-7,0,0,0,0.0,250000,250000,798044.7503139914,2640.514494646122,1944.7608641044962,22768.238589211618,23051.539421440724,1.0080751435554188e6,1.3282025236197903e6,816809.9548239299,1.0630297210271202e6,hard,5.0,5.013457109604082e6,11886.588214381543,5.0135944532e6,12410.876578228786
15,2,0.005,1.0,50118723,5.0118723e7,5.985786988227932e-8,5.985786988227932e-8,0,0,0,0.0,250000,234777,8.129233957962813e6,3548.501652892562,3296.1794664510912,4626.514932126697,4683.41961130742,3.737369925630325e6,3.9236660390473376e6,3.388811372968296e6,3.5066519224122646e6,hard,5.0,4.903014104637105e7,7.311882945900366e6,4.9030162366899215e7,7.311886171848166e6
15,3,0.005,1.0,50118723,5.0118723e7,5.985786988227932e-8,5.985786988227932e-8,0,0,0,0.0,250000,250000,7.600495244928853e6,3544.457709824333,2586.7656675749317,21317.20236731577,21818.838834269663,7.961772038820025e6,1.0561286090943731e7,6.427626782688316e6,8.514106731025927e6,hard,5.0,5.013094596933061e7,100151.74961178457,5.013198704277551e7,104569.91356196598
15,2,0.005,1.0,630957,630957.0,9.509364346540256e-6,9.509364346540256e-6,0,0,0,0.0,250000,250000,54060.87273386512,2291.9126034958604,2229.9844089920234,2300.234521575985,2304.1164294954724,52891.20596501849,56314.31583383983,46188.18421677955,49133.81552702937,hard,5.0,630981.8705714286,836.0575845124756,630978.7571387755,835.3139586857145
15,3,0.005,1.0,630957,630957.0,4.754682173270128e-6,4.754682173270128e-6,0,0,0,0.0,250000,80612,101203.68143100511,3500.2133676092544,2844.054347826087,15073.724719101123,15848.291497975708,124901.39450977466,168846.0961948912,110325.12964341865,146195.18357319734,hard,5.0,589427.2383748612,156839.3329207006,589438.1290006877,156842.8651433262
15,2,0.005,1.0,6309573,6.309573e6,9.509359825141892e-7,9.509359825141892e-7,0,0,0,0.0,250000,250000,539834.4477044281,3430.10957769804,3312.4263986963606,2275.332006822058,2294.1582331562763,452451.4533330791,483099.64015641407,391521.49088187434,418877.612763833,hard,5.0,6.309834320240816e6,2688.7808214979577,6.309810577253061e6,2688.235412449742
15,3,0.005,1.0,6309573,6.309573e6,4.754679912570946e-7,4.754679912570946e-7,0,0,0,0.0,250000,250000,988060.7858205255,2717.525392670157,2047.321764997521,22273.832095096583,22568.52360994691,1.1748030016003537e6,1.6374027588188949e6,938129.5911970948,1.307083768371826e6,hard,5.0,6.311510536257143e6,14493.543203994363,6.311683133130612e6,15097.790429168634
15,2,0.005,1.0,63095734,6.3095734e7,4.7546796111445505e-8,4.7546796111445505e-8,0,0,0,0.0,250000,250000,9.982593122923588e6,3626.0313028764804,3441.525747508306,4413.558031569173,4460.13830755232,4.303839207059063e6,4.543788442887508e6,3.7441481189414747e6,3.951167045684725e6,hard,5.0,6.309780416413878e7,13188.97845125795,6.3097838552383676e7,13233.797659301406
15,3,0.005,1.0,63095734,6.3095734e7,4.7546796111445505e-8,4.7546796111445505e-8,0,0,0,0.0,250000,250000,9.760465309420047e6,3523.587852494577,2663.515415549598,21631.43660752921,22003.59193357058,9.409524881398762e6,1.2625771106569748e7,7.490190097190872e6,1.0060598331458557e7,hard,5.0,6.311010354392245e7,123918.83469770124,6.311142611442041e7,129214.13585890361
15,2,0.005,1.0,794328,794328.0,7.553554702843158e-6,7.553554702843158e-6,0,0,0,0.0,250000,250000,68605.99868148427,2439.528696313189,2372.6421171595402,2278.499127399651,2315.9279400461182,65673.04816215312,70206.28862169741,56636.725760025176,60586.3046764488,hard,5.0,794361.1290530612,936.8806622477476,794366.9042734694,939.1041147479802
15,3,0.005,1.0,794328,794328.0,3.776777351421579e-6,3.776777351421579e-6,0,0,0,0.0,250000,250000,128155.06858295512,2125.7228302367016,1601.7062232300327,22711.123776626366,23106.206033010814,161218.5264240753,215313.1823014294,127542.39551164235,172366.58845039457,hard,5.0,794575.3061387755,2044.3614805249097,794595.7027714286,2118.8461932581436
15,2,0.005,1.0,7943282,7.943282e6,3.776776400485341e-7,3.776776400485341e-7,0,0,0,0.0,250000,133370,1.3125330794573643e6,2899.7710843373493,2681.673449612403,4547.414141414141,4640.955771305285,818316.4075057046,886509.423765195,750877.2435214941,806436.9118724543,hard,5.0,7.634331524164525e6,1.5367695692387023e6,7.63431220426112e6,1.5367656714781427e6
15,3,0.005,1.0,7943282,7.943282e6,3.776776400485341e-7,3.776776400485341e-7,0,0,0,0.0,250000,250000,1.2752223898849345e6,2823.0098674936567,2081.055124431362,23347.70892626132,23882.205971968313,1.6753897489129256e6,2.1508347683701604e6,1.3472275695368568e6,1.734672636867659e6,hard,5.0,7.945689230387755e6,18846.416480367425,7.94591563222449e6,19687.677581400716
15,2,0.005,1.0,79432823,7.9432823e7,3.776776257844947e-8,3.776776257844947e-8,0,0,0,0.0,250000,246777,1.3167985612844037e7,3778.6561302681994,3451.398165137615,4479.543130990415,4575.554314720812,5.135930123359424e6,5.471719806423702e6,4.732081168106887e6,4.9896953082324285e6,hard,5.0,7.779290804026024e7,1.1303480255222296e7,7.779295824798058e7,1.1303487561912809e7
15,3,0.005,1.0,79432823,7.9432823e7,3.776776257844947e-8,3.776776257844947e-8,0,0,0,0.0,250000,250000,1.2133349586492514e7,3571.7052161976662,2645.8783051927367,20893.948759658397,21499.69523099851,1.1795036805827575e7,1.5776773326125951e7,9.337768916622505e6,1.2471750929899337e7,hard,5.0,7.945147200739592e7,155324.07117866585,7.945314255921632e7,162403.78469401936
20,2,0.005,1.0,100000,100000.0,0.0001,0.0001,0,0,0,0.0,250000,250000,5237.551649809318,1343.1136776109554,1309.0298997864302,2456.7080120683877,2473.8942757009345,5053.0722808687515,5506.76734196451,4556.159213789578,4977.3481885580095,hard,5.0,100005.14168163265,332.13049556482423,100005.89471836734,333.39313625727925
20,3,0.005,1.0,100000,100000.0,8.0e-5,8.0e-5,0,0,0,0.0,250000,250000,3956.9786841677064,740.1530337628445,557.5052099096373,10138.776898734177,10934.955022966029,9306.695260257891,18402.08220019712,7832.762274513403,15471.982826402196,hard,5.0,100029.51992244898,736.7161906939668,100038.37653469387,572.2438893794408
20,2,0.005,1.0,1000000,1.0e6,8.0e-6,8.0e-6,0,0,0,0.0,250000,250000,63786.896656534955,2149.59875475614,2045.1890127209276,3064.7006955086645,3056.9006096859544,63540.06454177565,69922.40567481462,56802.654889261314,62791.427056005334,hard,5.0,1.000064270722449e6,1061.3476337408556,1.0000578579959184e6,1059.0236610211575
20,3,0.005,1.0,1000000,1.0e6,4.0e-6,4.0e-6,0,0,0,0.0,250000,250000,115758.77996754,3834.9547761882786,2586.733957524549,44060.04038822793,44899.62426674899,204641.80996294873,357134.05966946704,173057.47663536307,303878.3742710497,hard,5.0,999829.8665959183,16487.510772650014,1.0000225880612244e6,13730.318718630246
20,2,0.005,1.0,10000000,1.0e7,8.0e-7,8.0e-7,0,0,0,0.0,250000,250000,642103.5918978562,3057.7177874536364,2905.062421185372,2999.6245217101978,3018.6738706532337,543848.0231589301,601731.4250210614,493282.3630329572,543513.611808795,hard,5.0,1.0000534543926531e7,3603.707327508978,1.0000545796657143e7,3596.683476859347
20,3,0.005,1.0,10000000,1.0e7,4.0e-7,4.0e-7,0,0,0,0.0,250000,250000,1.1000775238095238e6,4765.504580520733,2747.547292743204,41908.29886968085,43535.32799758381,1.9529036498784237e6,3.363216901844408e6,1.6666727183296834e6,2.8768893051395942e6,hard,5.0,9.996709547910204e6,211160.30808528338,9.999711978844898e6,158997.7684457607
20,3,0.005,1.0,100000000,1.0e8,4.0e-8,4.0e-8,0,0,0,0.0,250000,250000,9.770174684519615e6,7755.708506841166,5434.99907385969,38423.38613861386,41459.72884554892,1.4713614704229191e7,2.8449959934040476e7,1.2493138070074812e7,2.3998906597164348e7,hard,5.0,9.999123895745306e7,1.550009258431224e6,1.000075601333796e8,1.2801835545885728e6
20,2,0.005,1.0,125892,125892.0,7.943316493502367e-5,7.943316493502367e-5,0,0,0,0.0,250000,250000,6559.184217161106,1433.2737241670181,1392.8558392632901,2450.3062151735962,2460.369885155253,6377.052518678297,6926.235370326245,5783.431254930703,6288.98845145126,hard,5.0,125898.20048163265,372.1742146064327,125898.17510612245,372.75805177707764
20,3,0.005,1.0,125892,125892.0,3.177326597400947e-5,3.177326597400947e-5,0,0,0,0.0,250000,13332,4070.9744897959185,6635.095278969957,6614.305435720448,1051.48,649.578947368421,29545.334151584164,38765.212410936314,37075.4985720491,42441.99353170485,hard,5.0,50366.03480556889,61691.697423566075,50360.92810849736,61687.8483626476
20,2,0.005,1.0,1258925,1.258925e6,3.177313978195683e-6,3.177313978195683e-6,0,0,0,0.0,250000,18334,141215.8655462185,9292.842639593908,6740.204761904762,2274.8571428571427,2336.3,93134.67004992704,88669.75742491649,125198.89097644576,127554.01301710364,hard,5.0,786969.7834108295,609485.8993633323,786964.8611069446,609482.0642739922
20,3,0.005,1.0,1258925,1.258925e6,3.177313978195683e-6,3.177313978195683e-6,0,0,0,0.0,250000,46649,147563.44514106584,23329.23709677419,21364.5027365129,10809.45,12695.086330935252,252864.14959001914,462924.41500671796,242994.87834203892,426651.0910327104,hard,5.0,1.1076012748685442e6,409567.18158068793,1.1077613227448438e6,409518.8570231016
20,2,0.005,1.0,12589254,1.2589254e7,3.177312968663592e-7,3.177312968663592e-7,0,0,0,0.0,250000,67428,1.5534782735042735e6,10040.041791044776,7851.688311688312,4479.172413793103,4646.307692307692,511255.4392552694,563006.1579738003,559100.212993905,606038.1837553001,hard,5.0,1.1581578519077977e7,3.417020284747532e6,1.1581588093147306e7,3.4170231513585495e6
20,3,0.005,1.0,12589254,1.2589254e7,3.177312968663592e-7,3.177312968663592e-7,0,0,0,0.0,250000,250000,1.285771848583878e6,5542.498602287166,3131.55670995671,40526.618604651165,43711.22643678161,2.436048061347487e6,4.14386516304023e6,2.0801238107760076e6,3.561251961119528e6,hard,5.0,1.2581931753057143e7,318306.35919570085,1.2587884550836734e7,213326.67241119087
20,2,0.005,1.0,158489,158489.0,5.0476689233953143e-5,5.0476689233953143e-5,0,0,0,0.0,250000,250000,10355.946069651742,1484.5374550539352,1426.4373447282123,3108.136632050499,3137.932138154563,10289.178760515193,11191.670478386739,9256.718646335894,10071.988028362352,hard,5.0,158497.21780408162,418.5464958381554,158496.9388122449,418.338896751635
20,3,0.005,1.0,158489,158489.0,5.0476689233953143e-5,5.0476689233953143e-5,0,0,0,0.0,250000,250000,8066.389302039981,999.4803524133831,737.2955793123375,13211.726513449687,14469.587132694092,13710.80757517697,28197.29214634248,11772.541974562742,24086.107517500983,hard,5.0,158544.4040489796,819.2917234436782,158555.69288979593,839.6686637193022
20,2,0.005,1.0,1584893,1.584893e6,2.5238296844014076e-6,2.5238296844014076e-6,0,0,0,0.0,250000,36779,190377.4097744361,2624.836099585062,2069.0468164794006,4484.174657534247,4515.947674418605,182847.52686496332,204697.34335649587,184232.55930814528,207436.79277616122,hard,5.0,1.3357081102614934e6,577106.409579368,1.3357224539475755e6,577112.5861574516
20,3,0.005,1.0,1584893,1.584893e6,2.5238296844014076e-6,2.5238296844014076e-6,0,0,0,0.0,250000,250000,183065.73328738802,3990.5927391203163,2539.7107305936074,43009.28508077288,43567.39382716049,324825.4960070215,562126.8522467058,278601.63800644997,482334.74212317256,hard,5.0,1.5844789053632652e6,29806.575490135318,1.584750294187755e6,25870.2960182747
20,2,0.005,1.0,15848931,1.5848931e7,2.5238295251585106e-7,2.5238295251585106e-7,0,0,0,0.0,250000,80711,1.9322865184381779e6,6512.148936170212,5309.106471816284,4186.321888412017,4379.318339100346,666555.6605890093,723561.7719743351,698037.5448324891,733360.4368645381,hard,5.0,1.4803015572889011e7,3.9359399396942183e6,1.4802985176037828e7,3.935931863236837e6
20,3,0.005,1.0,15848931,1.5848931e7,2.5238295251585106e-7,2.5238295251585106e-7,0,0,0,0.0,250000,228734,1.7527497850397613e6,5694.589850249584,3401.834360364802,39374.56163828062,41152.59856016455,3.024707426843692e6,5.304380001438972e6,2.646230460008862e6,4.580216520665062e6,hard,5.0,1.5485874219649225e7,2.3750058674264126e6,1.54933077381891e7,2.357774507490196e6
20,2,0.005,1.0,199526,199526.0,4.00950252097471e-5,4.00950252097471e-5,0,0,0,0.0,250000,250000,12899.466653213602,1584.112332112332,1515.1197942926287,3090.733450923428,3118.835920633289,12842.254162806757,14148.118835214418,11548.925651161411,12702.218186852031,hard,5.0,199537.49568163266,470.62448137417243,199536.77069795917,470.57145104749355
20,3,0.005,1.0,199526,199526.0,2.004751260487355e-5,2.004751260487355e-5,0,0,0,0.0,250000,10888,4148.918604651163,5392.266432953549,5341.993881118881,644.0,255.75,35662.18990676669,61192.69231896515,61907.66103745315,70271.03105680073,hard,5.0,30108.711277173912,71412.53847097071,30136.249320652172,71469.75379724844
20,2,0.005,1.0,1995262,1.995262e6,4.009498501951122e-6,4.009498501951122e-6,0,0,0,0.0,250000,250000,128505.99792429792,2403.9240915878545,2290.2724053724055,3056.6440224318126,3083.772875,124261.2571225835,137763.8993894719,111885.40371369694,122681.82103294959,hard,5.0,1.9953840944979591e6,1508.5218393477353,1.9953846007510205e6,1513.8257265177213
20,3,0.005,1.0,1995262,1.995262e6,2.004749250975561e-6,2.004749250975561e-6,0,0,0,0.0,250000,149329,229330.50644122384,9571.041550139833,7530.240584166027,32110.36903888481,32866.78248974008,433635.36383360747,694859.0029770356,379342.00372608757,598858.3244476075,hard,5.0,1.9255670253171574e6,366743.508159355,1.926004054833055e6,366159.7673648115
20,2,0.005,1.0,19952623,1.9952623e7,2.0047489495491393e-7,2.0047489495491393e-7,0,0,0,0.0,250000,213359,2.4274804644034277e6,3055.851202749141,2762.1555702043506,6173.817647058823,6210.338255977496,1.83764442316106e6,2.0921104715736292e6,1.7160569593831012e6,1.931214654392224e6,hard,5.0,1.947550680120369e7,3.0535164324445873e6,1.9475541360973127e7,3.053522047126225e6
20,3,0.005,1.0,19952623,1.9952623e7,2.0047489495491393e-7,2.0047489495491393e-7,0,0,0,0.0,250000,250000,2.2260614655132643e6,5368.117218875502,3093.238357421427,41802.40928270042,43642.46660453557,3.8508852751632566e6,6.863335214700057e6,3.267476653312113e6,5.791761908154278e6,hard,5.0,1.9946007462420408e7,420785.0604350725,1.9953136925804082e7,279194.35582226794
20,2,0.005,1.0,251188,251188.0,3.184865519053458e-5,3.184865519053458e-5,0,0,0,0.0,250000,250000,16170.74592003264,1658.5672641120725,1592.8834268230494,3066.4615465433913,3090.479147165887,16047.086401683888,17678.964361504888,14655.579057001982,16131.519668984774,hard,5.0,251203.36771836734,528.4903377678404,251203.8684,528.2818967362462
20,3,0.005,1.0,251188,251188.0,3.184865519053458e-5,3.184865519053458e-5,0,0,0,0.0,250000,250000,14557.55975734657,1278.6251264414323,904.87781968263,16152.771568412594,17491.00131650275,22137.238761116947,44975.33441208057,19246.464322621527,38685.93889904982,hard,5.0,251272.7662612245,1357.2412874299846,251289.7044612245,1288.8266066591086
20,2,0.005,1.0,2511886,2.511886e6,1.5924289557726744e-6,1.5924289557726744e-6,0,0,0,0.0,250000,41732,302159.97614314116,3267.1266666666666,2439.962598425197,4269.015384615384,4383.33962264151,222942.44410109567,259820.96516370628,225768.9643610834,265155.1486788031,hard,5.0,2.170218356446695e6,861382.9377972584,2.170218706686268e6,861383.0893106301
20,3,0.005,1.0,2511886,2.511886e6,1.5924289557726744e-6,1.5924289557726744e-6,0,0,0,0.0,250000,97227,275572.4077170418,18416.45486111111,15054.278930131004,21529.173469387755,23931.423410404623,502923.1285396433,888118.4100649117,448796.70942426845,778522.5975323693,hard,5.0,2.3747493980938336e6,570867.836742332,2.3753539674607217e6,570405.3753750549
20,2,0.005,1.0,25118864,2.5118864e7,1.592428702189717e-7,1.592428702189717e-7,0,0,0,0.0,250000,97212,2.799488853904282e6,10647.604838709678,7924.675355450237,3923.6153846153848,3976.637931034483,718455.6150910193,775365.2251528397,767389.38875849,816467.7145974425,hard,5.0,2.3757708576465104e7,5.6879813514521e6,2.375772298475253e7,5.6879848280684e6
20,3,0.005,1.0,25118864,2.5118864e7,1.592428702189717e-7,1.592428702189717e-7,0,0,0,0.0,250000,250000,2.8592078144379845e6,6160.066820868671,3688.886751622986,42974.46274082152,44310.58098708181,5.1933120534007e6,8.202878065274902e6,4.400809639530673e6,6.996550879707073e6,hard,5.0,2.510647454252245e7,591259.8715024216,2.5116883035567347e7,403714.68804246833
20,2,0.005,1.0,316227,316227.0,3.162285320355315e-5,3.162285320355315e-5,0,0,0,0.0,250000,250000,16246.577210574293,1804.4143753460048,1742.6338195077485,2424.3889932381667,2444.2660482374768,16064.683040979431,17446.412332351938,14557.774718740935,15889.495931521762,hard,5.0,316238.91591020406,591.5049445501459,316243.6205387755,590.742209499296
20,3,0.005,1.0,316227,316227.0,2.5298282562842516e-5,2.5298282562842516e-5,0,0,0,0.0,250000,250000,18606.321835366347,1415.7298436932024,996.0159758854559,17309.552516845026,18329.000741962078,27490.544948902363,54518.50934660993,23326.720059635634,45947.80758753211,hard,5.0,316331.6953959184,1701.2199901576773,316350.4667591837,1480.2299485676822
20,2,0.005,1.0,3162277,3.162277e6,1.2649113281347587e-6,1.2649113281347587e-6,0,0,0,0.0,250000,47349,389904.9742647059,3074.587084148728,2649.772151898734,4196.479750778816,4765.3746556473825,289852.2572384035,301565.95771585195,297193.1715143819,312055.7192386301,hard,5.0,2.7892201591064725e6,1.0204344380014095e6,2.7892390056199674e6,1.0204413950310041e6
20,3,0.005,1.0,3162277,3.162277e6,1.2649113281347587e-6,1.2649113281347587e-6,0,0,0,0.0,250000,207265,353093.2989603821,6120.361029842013,4025.226137624861,38664.15759438104,40154.74918831169,668607.4364180806,1.0871810963743608e6,579908.329955557,932584.7181625731,hard,5.0,3.0829441148493313e6,495248.034602333,3.0840400518923197e6,493149.83120006
20,2,0.005,1.0,31622776,3.1622776e7,1.264911088134704e-7,1.264911088134704e-7,0,0,0,0.0,250000,250000,3.8821240807027994e6,3110.888137676706,2833.178379988088,6096.994451697128,6182.076073232323,2.702989858664097e6,3.100958164765585e6,2.460334406896405e6,2.801853182849878e6,hard,5.0,3.162524313729388e7,12526.76391490636,3.162532958808163e7,12596.777692601801
20,3,0.005,1.0,31622776,3.1622776e7,1.264911088134704e-7,1.264911088134704e-7,0,0,0,0.0,250000,250000,3.305386090739879e6,5981.204507971413,3842.360867558837,40849.121697357885,44777.52191609267,5.927270965121038e6,1.0013455137869019e7,5.0309433674101075e6,8.500612098493794e6,hard,5.0,3.160435514636735e7,783932.7325411711,3.161610853830204e7,592924.5332645508
20,2,0.005,1.0,398107,398107.0,2.0095100061038868e-5,2.0095100061038868e-5,0,0,0,0.0,250000,250000,25865.153202176643,1805.259054699947,1717.4670364169108,3067.4569105691057,3082.5889387144994,25756.58471859921,28465.062782521356,23335.201064540055,25840.429394339648,hard,5.0,398135.6123510204,665.244291496704,398134.0474653061,666.5819708937618
20,3,0.005,1.0,398107,398107.0,1.0047550030519434e-5,1.0047550030519434e-5,0,0,0,0.0,250000,11199,17073.25925925926,5849.674561403509,5848.345311130587,0,288.0,70808.68518592181,126442.62040799364,101549.6311778871,149238.7126897004,hard,5.0,77081.207936764,157339.78947714812,77108.47798031941,157395.65831782907
20,2,0.005,1.0,3981071,3.981071e6,2.0095095013377053e-6,2.0095095013377053e-6,0,0,0,0.0,250000,250000,256705.8505328477,2698.03613294718,2561.6665317685147,3067.535759807393,3096.8920116295167,237883.89721430838,263155.6546130825,212546.01998898308,234633.05460053112,hard,5.0,3.9812997242571427e6,2168.995000598253,3.98130900042449e6,2169.9368445863415
20,3,0.005,1.0,3981071,3.981071e6,1.0047547506688527e-6,1.0047547506688527e-6,0,0,0,0.0,250000,94569,412028.218487395,20562.803339517624,14752.771601541002,21445.081761006288,24142.71048744461,765846.5743417091,1.2886632859171287e6,695426.4248013798,1.1239550719840233e6,hard,5.0,3.757762709665174e6,916595.927870244,3.7589697767642825e6,915106.8271240169
20,2,0.005,1.0,39810717,3.9810717e7,1.0047545740007647e-7,1.0047545740007647e-7,0,0,0,0.0,250000,160616,4.9993636712109065e6,3151.957337883959,2782.3175621491578,5920.279022403259,6030.811731315042,2.262801170364406e6,2.5960574312397256e6,2.177322644595491e6,2.4897711249019057e6,hard,5.0,3.853380190944376e7,7.020187179269008e6,3.853390418783416e7,7.0202059026748175e6
20,3,0.005,1.0,39810717,3.9810717e7,1.0047545740007647e-7,1.0047545740007647e-7,0,0,0,0.0,250000,250000,4.211858654309546e6,5488.914390756303,2906.9812933025405,41109.89655172414,42947.46269592476,7.134120351620844e6,1.2682794130051052e7,6.050527821117306e6,1.080275598712236e7,hard,5.0,3.980443481742449e7,644732.1599871714,3.9811310534612246e7,516913.34160467837
20,2,0.005,1.0,501187,501187.0,1.596210596044989e-5,1.596210596044989e-5,0,0,0,0.0,250000,250000,32118.48576,1895.1879926573804,1813.63136,3049.787454525411,3073.1023407729995,31674.865909384556,34962.76296598869,28910.339335953508,31892.746203071176,hard,5.0,501214.68231836736,746.2994568169231,501217.14265306125,747.1833044532905
20,3,0.005,1.0,501187,501187.0,7.981052980224946e-6,7.981052980224946e-6,0,0,0,0.0,250000,70281,58227.76929902396,17486.420235878337,17426.02564102564,15822.382165605095,17464.122004357298,97916.22913991228,183796.94756381196,87673.16839109067,161722.32786412013,hard,5.0,462824.89356780687,133407.92445559305,462857.435027037,133419.9872484677
20,2,0.005,1.0,5011872,5.011872e6,7.981049795365884e-7,7.981049795365884e-7,0,0,0,0.0,250000,125828,620021.9646061815,2587.9522326064384,2356.4920239282155,6020.751728110599,6106.090308370044,530978.8013356,605162.4084183141,492261.1189754805,565040.6993742548,hard,5.0,4.804973389156487e6,998223.2361776283,4.804986411005727e6,998225.9907382173
20,3,0.005,1.0,5011872,5.011872e6,7.981049795365884e-7,7.981049795365884e-7,0,0,0,0.0,250000,250000,556778.5070905763,5247.770905492331,3238.7125340599455,42959.51102687801,44774.68780637255,1.0326435310997734e6,1.7481661215229635e6,868402.7435451638,1.4895867844365619e6,hard,5.0,5.009423108897959e6,117562.93503824617,5.011258464028572e6,84729.99029584571
20,2,0.005,1.0,50118723,5.0118723e7,7.981049317637243e-8,7.981049317637243e-8,0,0,0,0.0,250000,250000,6.317072578338591e6,3260.9822976878613,2960.10094637224,6263.206749418154,6328.630116410064,3.915922670203601e6,4.4024875287529025e6,3.5723983685711347e6,3.9825601379126753e6,hard,5.0,5.012220632476734e7,18469.755491228534,5.012232898694286e7,18659.971841813123
20,3,0.005,1.0,50118723,5.0118723e7,7.981049317637243e-8,7.981049317637243e-8,0,0,0,0.0,250000,250000,5.117175503380741e6,6513.444116858751,3770.4278434097755,39840.8139714396,42503.02360717658,8.55956331503685e6,1.554651163673487e7,7.308435365899529e6,1.3313948510657411e7,hard,5.0,5.0110777645048976e7,844165.5184464115,5.0119656280538775e7,668208.387401836
20,2,0.005,1.0,630957,630957.0,1.2679152462053673e-5,1.2679152462053673e-5,0,0,0,0.0,250000,250000,40758.15052711662,1967.4063506161874,1870.8558852298663,3095.0942497448113,3091.2539118854734,40527.29580084798,44478.18952641543,37311.86228723603,40772.11721902437,hard,5.0,630996.0653510204,838.2474164963713,630995.891244898,840.130041405658
20,3,0.005,1.0,630957,630957.0,6.339576231026837e-6,6.339576231026837e-6,0,0,0,0.0,250000,65984,69026.19019019019,19834.07801899593,18920.604306864065,15282.808383233532,16575.057803468208,136340.39570991625,218306.66624738617,126930.30389213082,196736.1746021655,hard,5.0,579180.605617867,173287.17366791546,579218.9226682408,173272.20547812467
20,2,0.005,1.0,6309573,6.309573e6,6.339573216761261e-7,6.339573216761261e-7,0,0,0,0.0,250000,52191,788508.3089622641,3935.1136950904393,3464.4633027522937,4300.1827411167515,4767.768292682927,404475.27142501995,439339.16883693665,440751.6048545614,467731.92150230333,hard,5.0,5.641566025449768e6,1.9419201718677734e6,5.641544242397915e6,1.9419126859860884e6
20,3,0.005,1.0,6309573,6.309573e6,6.339573216761261e-7,6.339573216761261e-7,0,0,0,0.0,250000,250000,712322.8934388087,4603.524060150376,2432.257242178447,43311.66842105263,45359.61700787402,1.2930620201979317e6,2.14479196253577e6,1.0903851001679178e6,1.8221100974518838e6,hard,5.0,6.306901236355102e6,143485.53642004868,6.309097016644898e6,104246.75617217051
20,2,0.005,1.0,63095734,6.3095734e7,6.339572814859401e-8,6.339572814859401e-8,0,0,0,0.0,250000,150781,7.459668026269702e6,6974.092803030303,4851.340241796201,4561.0236686390535,4797.917737789203,1.722414823148967e6,1.8233085435068295e6,1.7851621168440871e6,1.8656765179076083e6,hard,5.0,6.093359308896907e7,1.1482238978119504e7,6.093358652263326e7,1.1482237869898891e7
20,3,0.005,1.0,63095734,6.3095734e7,6.339572814859401e-8,6.339572814859401e-8,0,0,0,0.0,250000,250000,6.773805746795647e6,6836.8213318895505,3743.3338132949366,40711.4964761159,42465.89791873142,1.1478384904130733e7,1.961797409799894e7,9.727410670169024e6,1.6582720758437078e7,hard,5.0,6.307884245220816e7,1.1542962131788617e6,6.308987416362449e7,935122.3346618054
20,2,0.005,1.0,794328,794328.0,1.258925783807193e-5,1.258925783807193e-5,0,0,0,0.0,250000,250000,41145.30647239568,2136.0858115550213,2070.1423191278495,2423.2481371848526,2451.009595959596,40277.96842835601,44026.145277032614,36438.258052433084,39759.876231394344,hard,5.0,794367.2053020408,938.5790058643099,794367.1113183673,938.9503561126232
20,3,0.005,1.0,794328,794328.0,5.035703135228772e-6,5.035703135228772e-6,0,0,0,0.0,250000,23953,93667.64609053498,15332.710843373494,15081.057093425605,4291.590909090909,4889.625,168242.54773183892,281635.06841321645,174965.73446041092,271987.7546008685,hard,5.0,584676.2302537857,350168.10653760034,584835.9776816336,350205.51332192856
20,2,0.005,1.0,7943282,7.943282e6,5.035701867313788e-7,5.035701867313788e-7,0,0,0,0.0,250000,74076,975970.8002853068,2623.8282208588957,2336.0898716119827,5188.558441558442,5360.745596868885,549942.9580291756,590453.8039569168,560328.6801050222,593659.8622961794,hard,5.0,7.368867450141872e6,2.0582357697811641e6,7.368898254010076e6,2.0582443933027305e6
20,3,0.005,1.0,7943282,7.943282e6,5.035701867313788e-7,5.035701867313788e-7,0,0,0,0.0,250000,250000,902976.7453287197,5265.073876063184,3157.9977100984656,43900.76974789916,44081.21196157422,1.6401608468101232e6,2.7828595140353125e6,1.3783727952227416e6,2.355050027482874e6,hard,5.0,7.939098312342857e6,197089.73146714285,7.94228152637551e6,144600.8087106762
20,2,0.005,1.0,79432823,7.9432823e7,5.0357016771265953e-8,5.0357016771265953e-8,0,0,0,0.0,250000,250000,1.0017095426895685e7,3362.6679553264603,3053.3979891076665,6085.136576239476,6136.314974965862,5.275846000250181e6,6.009149477611975e6,4.838802185499357e6,5.473394103081957e6,hard,5.0,7.943765529641633e7,26444.95631553147,7.943778302496326e7,26774.229512563794
20,3,0.005,1.0,79432823,7.9432823e7,5.0357016771265953e-8,5.0357016771265953e-8,0,0,0,0.0,250000,250000,7.944885201851852e6,6990.31914893617,3974.114942528736,39016.10965954077,42271.392523364484,1.3345806904872226e7,2.3984633387274373e7,1.1379093840109384e7,2.0504032706204038e7,hard,5.0,7.942484361609796e7,1.1672744486369942e6,7.943289925402857e7,1.0908538502479387e6
