L,d,J,Jprop,NX,NY,rR_random,rH_random,rR_hosthost,rH_phagephage,rH_phagehost,rH_3body,simulation_time,GenePersisentTime,mean_establish_size,persTimeHost,persTimePhage,gapTimeHost,gapTimePhage,theta_GH,theta_GP,theta_gH,theta_gP,constraint,soft_threshold,mean_host_N,std_host_N,mean_phage_N,std_phage_N
10,2,0.005,1.0,100000,100000.0,0,0,0.0008725,0.0008725,0,0.0,200000,200000,2401.923076923077,157891.18367346938,155635.70833333334,42.5,18.0,1196.2726304333053,1205.741268806231,2111.7492561010145,2230.534868330407,hard,5.0,99998.55541538462,331.9283723909132,100000.21389230769,332.13148960176574
10,3,0.005,1.0,100000,100000.0,0,0,0.00262,0.00262,0,0.0,200000,200000,740.28,160812.87596899224,139918.68421052632,34.0,25.692307692307693,370.0225179724589,371.3729630015489,943.2365829599265,1019.1471614841605,hard,5.0,99998.58641538462,332.31783710207475,99999.6410974359,331.271742359981
10,2,0.005,1.0,1000000,1.0e6,0,0,3.525e-5,3.525e-5,0,0.0,200000,200000,21820.384615384617,126653.38181818182,153447.26,104.2,100.2,20780.911707846215,21041.47861467208,16892.72161928641,17299.241921614597,hard,5.0,1.000007317297436e6,1051.491194936344,1.0000048697333334e6,1049.3822222671447
10,3,0.005,1.0,1000000,1.0e6,0,0,0.000115,0.000115,0,0.0,200000,200000,11538.518518518518,161640.28682170543,163180.52307692307,40.888888888888886,115.4,6846.811629907127,6919.17524253087,5388.013367430939,5576.245214359512,hard,5.0,999999.0325641026,1050.1612094164368,999999.9433846154,1050.755094892351
10,2,0.005,1.0,10000000,1.0e7,0,0,3.025e-6,3.025e-6,0,0.0,200000,200000,313837.2,163869.8775510204,175838.41304347827,152.0,663.0,221153.24552530135,224706.10061435125,184063.94821038292,187507.23412149033,hard,5.0,1.0000079425948719e7,3325.6309079736925,1.0000052939517949e7,3321.3675782889563
10,3,0.005,1.0,10000000,1.0e7,0,0,9.3e-6,9.3e-6,0,0.0,200000,200000,155409.18181818182,178415.16393442624,178649.725,82.5,0,96620.93572458604,98019.79980559104,63391.435253847456,64799.046271697436,hard,5.0,1.0000068792989744e7,3314.5415595774302,1.0000071550179487e7,3327.484283445632
10,2,0.005,1.0,100000000,1.0e8,0,0,2.25e-8,2.25e-8,0,0.0,200000,200000,0,195000.0,195000.0,0,0,993807.8393045962,1.0018310066570017e6,838677.732844394,847006.5033049418,hard,5.0,1.0000020076227692e8,10492.602323772158,1.0000023915392308e8,10512.533783757064
10,2,0.005,1.0,125892,125892.0,0,0,0.0005421313506815366,0.0005421313506815366,0,0.0,200000,200000,3902.05,139847.0612244898,139510.14,119.0,68.4,1666.9394936050107,1679.3345203025501,2356.8666783514586,2484.606251812641,hard,5.0,125890.84254871795,373.92392634973214,125892.32227179487,373.14780071471625
10,3,0.005,1.0,125892,125892.0,0,0,0.001771359578051028,0.001771359578051028,0,0.0,200000,200000,1140.032258064516,142683.24087591242,131262.8811188811,46.411764705882355,30.26086956521739,515.6168868096258,519.4552391500936,1068.3816510102884,1154.3902631753049,hard,5.0,125891.07798974359,372.3011215783509,125889.48725641026,372.97685009664445
10,2,0.005,1.0,1258925,1.258925e6,0,0,2.8000079432849454e-5,2.8000079432849454e-5,0,0.0,200000,200000,45397.3,150545.67346938775,163085.60869565216,116.0,190.0,27911.71433738416,28226.15746636549,23906.4500463511,24238.713260023345,hard,5.0,1.258933577923077e6,1180.8417034994682,1.2589331693589743e6,1180.124995806725
10,3,0.005,1.0,1258925,1.258925e6,0,0,8.896479138947912e-5,8.896479138947912e-5,0,0.0,200000,200000,10770.0,169990.9193548387,181302.99166666667,66.5,0,8698.089827298127,8791.169887828746,6562.548670030555,6734.4747890023855,hard,5.0,1.2589321486153847e6,1177.2608532330848,1.2589352694615384e6,1178.9707014955525
10,2,0.005,1.0,12589254,1.2589254e7,0,0,2.243977284118662e-6,2.243977284118662e-6,0,0.0,200000,200000,612295.6,135272.81818181818,175626.74468085106,268.0,619.5,292992.59565500973,298240.38161387487,238383.4886997799,243594.78414199382,hard,5.0,1.2589326650097435e7,3721.9219576490364,1.2589327585953847e7,3745.1022438914456
10,3,0.005,1.0,12589254,1.2589254e7,0,0,6.831222882626723e-6,6.831222882626723e-6,0,0.0,200000,200000,155460.25,165699.57480314962,163336.53846153847,218.28571428571428,181.0,127204.02206544396,129279.99862689254,93015.0602832915,94918.95888234666,hard,5.0,1.2589336890364103e7,3738.7444575262352,1.2589334216974359e7,3720.785595122084
10,2,0.005,1.0,158489,158489.0,0,0,0.00039908132425594205,0.00039908132425594205,0,0.0,200000,200000,3690.0,151197.085106383,180194.3777777778,102.5,0,2061.6139293120887,2087.186966753611,2587.416539051755,2732.816491100964,hard,5.0,158488.81437435898,417.7632582318056,158489.09967179486,418.64288163272346
10,3,0.005,1.0,158489,158489.0,0,0,0.0013313226785455143,0.0013313226785455143,0,0.0,200000,200000,1408.037037037037,175380.94214876034,167878.58870967742,2.0,41.5,663.9114502198568,667.1663947545541,1266.9765734213074,1346.7978437630702,hard,5.0,158488.90909743588,418.3638771789204,158487.9707076923,418.22785338837076
10,2,0.005,1.0,1584893,1.584893e6,0,0,2.09793342515867e-5,2.09793342515867e-5,0,0.0,200000,200000,49388.625,145747.54901960783,168359.8260869565,26.0,4.0,37870.196234207135,38375.97390544585,31052.81791301636,31527.836520314497,hard,5.0,1.5849010946205128e6,1320.6737932030987,1.584904479671795e6,1327.4084920756238
10,3,0.005,1.0,1584893,1.584893e6,0,0,6.625052921553695e-5,6.625052921553695e-5,0,0.0,200000,200000,16536.076923076922,140382.17361111112,152324.3106060606,60.416666666666664,44.583333333333336,12391.748729579718,12525.752640595958,8910.914480528749,9079.276676800731,hard,5.0,1.5848997850820513e6,1321.4205307968389,1.5848990847641025e6,1323.8125909731436
10,2,0.005,1.0,15848931,1.5848931e7,0,0,1.9086460784011238e-6,1.9086460784011238e-6,0,0.0,200000,200000,348247.75,163935.4255319149,178877.77777777778,208.0,0,370707.76032631216,376769.76403693587,308123.7470860472,316473.803660339,hard,5.0,1.5849013999564102e7,4179.843896838526,1.5849007770097436e7,4186.785332606818
10,3,0.005,1.0,15848931,1.5848931e7,0,0,5.615520693477686e-6,5.615520693477686e-6,0,0.0,200000,200000,198144.25,164242.5625,171672.488,192.25,106.6,154322.26909120087,156831.2402561913,109895.51786341671,111819.3104526417,hard,5.0,1.5849008021476923e7,4180.0212772148525,1.5849043116497437e7,4183.764914408164
10,2,0.005,1.0,199526,199526.0,0,0,0.0002819181460060343,0.0002819181460060343,0,0.0,200000,200000,5690.3,145666.52,136593.59259259258,13.2,77.44444444444444,2934.9937961569,2955.223363964171,3429.980569283178,3574.5048890024545,hard,5.0,199523.00195384616,468.3101925701462,199527.0511076923,469.6544958223924
10,3,0.005,1.0,199526,199526.0,0,0,0.0009372212142778384,0.0009372212142778384,0,0.0,200000,200000,1882.1052631578948,146178.90298507462,152062.344,41.57142857142857,34.8,923.6783537913515,932.0238998879222,1512.103671673384,1625.9326965509024,hard,5.0,199528.4054974359,469.00929850401127,199526.5140205128,469.4300417567608
10,2,0.005,1.0,1995262,1.995262e6,0,0,1.6664478148734353e-5,1.6664478148734353e-5,0,0.0,200000,200000,56055.294117647056,129229.94117647059,140097.05660377358,172.66666666666666,109.25,50026.949259253925,50724.26994599466,40962.71454387199,41611.29763885871,hard,5.0,1.9952683091589743e6,1482.6081990923865,1.9952750262358973e6,1485.0567036557122
10,3,0.005,1.0,1995262,1.995262e6,0,0,5.212348052536459e-5,5.212348052536459e-5,0,0.0,200000,200000,24027.1,167574.58536585365,171426.79365079364,122.0,38.833333333333336,15196.01149399978,15366.756121123693,11107.774888604728,11341.848066847466,hard,5.0,1.9952734265641025e6,1480.5307258038836,1.995269508e6,1484.383701667763
10,2,0.005,1.0,19952623,1.9952623e7,0,0,1.4158539456190796e-6,1.4158539456190796e-6,0,0.0,200000,200000,1.2747392857142857e6,153367.1875,167676.47826086957,32.333333333333336,570.0,508232.6619257756,518720.2345072476,396005.823545067,403442.9767705371,hard,5.0,1.9952732602758974e7,4687.3217776588235,1.9952743732815385e7,4696.8872581974
10,3,0.005,1.0,19952623,1.9952623e7,0,0,4.360328965269378e-6,4.360328965269378e-6,0,0.0,200000,200000,300713.5,151587.99259259258,161485.15748031496,108.33333333333333,31.0,199769.3239414242,203043.77919139515,142968.37196426946,145337.70606989696,hard,5.0,1.9952755686441027e7,4699.912715308047,1.9952763846497435e7,4703.40455950611
10,2,0.005,1.0,251188,251188.0,0,0,0.0001960682835167285,0.0001960682835167285,0,0.0,200000,200000,2170.375,169421.1914893617,174225.63829787233,11.5,88.0,3781.7854838843455,3809.4381327723604,3733.768690559861,3865.0761048250147,hard,5.0,251185.5495076923,527.4598014086238,251187.95124615385,526.8431309134397
10,3,0.005,1.0,251188,251188.0,0,0,0.0006807650046976767,0.0006807650046976767,0,0.0,200000,200000,2478.8888888888887,164115.14173228346,146024.8,18.714285714285715,27.666666666666668,1229.5785375647697,1240.4378791022834,1796.800294222339,1921.3560230735002,hard,5.0,251188.72064102563,527.4745917145533,251188.5582820513,525.0981640764354
10,2,0.005,1.0,2511886,2.511886e6,0,0,1.4033280172746693e-5,1.4033280172746693e-5,0,0.0,200000,200000,137520.2,148192.24489795917,178847.21739130435,56.75,16.0,60337.90545175644,61224.13009158794,47103.91829880999,48045.95526232459,hard,5.0,2.5118992181076924e6,1666.4204271180845,2.511892372194872e6,1663.1828500306476
10,3,0.005,1.0,2511886,2.511886e6,0,0,4.06069383722032e-5,4.06069383722032e-5,0,0.0,200000,200000,19872.409090909092,176524.5,167285.752,12.5,49.0,19929.7877278433,20165.04564669269,14969.08521167705,15304.651431425491,hard,5.0,2.5119019590205126e6,1659.419326004767,2.5119044771487177e6,1664.7207780431013
10,2,0.005,1.0,25118864,2.5118864e7,0,0,1.1246527709214876e-6,1.1246527709214876e-6,0,0.0,200000,200000,1.194684857142857e6,171710.25531914894,167815.21276595743,240.0,50.5,491878.5450913544,498990.1317287499,390059.4106904338,395420.2240200539,hard,5.0,2.5118963940215386e7,5262.442287313167,2.5119000152584616e7,5266.2878919533205
10,3,0.005,1.0,25118864,2.5118864e7,0,0,3.4635324272626344e-6,3.4635324272626344e-6,0,0.0,200000,200000,325030.35714285716,141404.71739130435,156154.03100775194,173.72222222222223,35.666666666666664,259499.4971168584,264239.7867602462,182955.22868195633,187653.69597196483,hard,5.0,2.5119027534158975e7,5270.745783289057,2.5119050344558973e7,5280.130577654668
10,2,0.005,1.0,316227,316227.0,0,0,0.00013360655478501202,0.00013360655478501202,0,0.0,200000,200000,7595.064516129032,98591.484375,112357.16071428571,90.05263157894737,49.54545454545455,5522.261462982164,5589.3581183358565,5257.862867967986,5409.743566278308,hard,5.0,316227.18665128207,590.8049930781887,316228.6919846154,591.8637833644773
10,3,0.005,1.0,316227,316227.0,0,0,0.000502803365936495,0.000502803365936495,0,0.0,200000,200000,2541.1388888888887,156299.84375,159041.3203125,56.375,28.5,1646.2279255800825,1664.68697317137,2126.661069428141,2257.7364493836603,hard,5.0,316226.3979794872,591.8935971618562,316229.9084974359,592.506313198221
10,2,0.005,1.0,3162277,3.162277e6,0,0,9.882119751052801e-6,9.882119751052801e-6,0,0.0,200000,200000,126282.08333333333,145248.66,150761.39583333334,152.4,140.66666666666666,76508.01774607167,77606.92416785508,64135.12518805889,65056.46528619969,hard,5.0,3.1622930628923075e6,1869.3949978897215,3.1622985741128204e6,1867.522646224899
10,3,0.005,1.0,3162277,3.162277e6,0,0,3.099032753930158e-5,3.099032753930158e-5,0,0.0,200000,200000,48010.290322580644,155283.98449612403,155152.359375,70.22222222222223,133.625,27604.361689900194,27986.590294516205,19313.338646360196,19729.101585100238,hard,5.0,3.162302634394872e6,1865.0566628035854,3.1622956816410255e6,1871.1890178071612
10,2,0.005,1.0,31622776,3.1622776e7,0,0,6.719840155715615e-7,6.719840155715615e-7,0,0.0,200000,200000,1.722065e6,110659.94545454545,131424.67307692306,494.9,297.14285714285717,684407.3346862936,696049.3749996702,567980.926220136,578383.417621264,hard,5.0,3.1622943711394873e7,5928.7057927369015,3.1622957787117947e7,5890.103272587036
10,2,0.005,1.0,398107,398107.0,0,0,0.00011366290972025109,0.00011366290972025109,0,0.0,200000,200000,6868.166666666667,170291.84782608695,176199.29787234042,14.0,9.0,6476.8719399567135,6558.078450344343,5856.225962102687,6075.169527177833,hard,5.0,398109.69294358976,662.5122916139936,398109.4680923077,661.0787024891395
10,3,0.005,1.0,398107,398107.0,0,0,0.00036924746362158916,0.00036924746362158916,0,0.0,200000,200000,3333.0416666666665,161500.368,167728.888,5.6,11.8,2144.494591126588,2167.3011883697945,2344.555021244468,2464.178716540776,hard,5.0,398109.2234051282,664.5170117651788,398107.90954871796,661.4076404724387
10,2,0.005,1.0,3981071,3.981071e6,0,0,7.849646489600411e-6,7.849646489600411e-6,0,0.0,200000,200000,174673.57142857142,147441.0,145960.24,49.6,257.4,101820.9690194505,103538.61961876822,82035.05184261405,83450.19408905225,hard,5.0,3.9810958993589743e6,2092.331663802937,3.9810945038871793e6,2097.5017662639953
10,3,0.005,1.0,3981071,3.981071e6,0,0,2.386292532838525e-5,2.386292532838525e-5,0,0.0,200000,200000,33905.72,164695.72222222222,161622.53543307088,131.66666666666666,174.85714285714286,34768.00778740509,35234.27647905988,25059.456364124155,25632.70192726128,hard,5.0,3.981094437384615e6,2094.4706269563535,3.98110137714359e6,2097.6751895249076
10,2,0.005,1.0,39810717,3.9810717e7,0,0,3.579438169877724e-7,3.579438169877724e-7,0,0.0,200000,200000,3.114412275e6,68699.21428571429,73864.2258064516,585.24,637.5882352941177,948481.6423287655,968753.8049491387,790967.6048025916,802050.6689469287,hard,5.0,3.981095944471795e7,6630.378280122406,3.981094643353333e7,6612.253306705866
10,3,0.005,1.0,39810717,3.9810717e7,0,0,2.0095091480015295e-6,2.0095091480015295e-6,0,0.0,200000,200000,467568.5,165701.921875,165331.99236641222,229.25,153.1818181818182,373538.2009055592,380576.6766899609,258829.23338985565,264225.7512640441,hard,5.0,3.981097282161026e7,6629.168157103408,3.9810959652333334e7,6636.351048321265
10,2,0.005,1.0,501187,501187.0,0,0,8.030934561351352e-5,8.030934561351352e-5,0,0.0,200000,200000,13398.0,155288.96,148712.8,73.6,105.8,9479.769615974777,9595.650705745871,8262.599597425151,8499.992826597987,hard,5.0,501191.3598820513,745.1580050515179,501186.3744153846,743.4050502633553
10,3,0.005,1.0,501187,501187.0,0,0,0.00027135580132764815,0.00027135580132764815,0,0.0,200000,200000,5089.117647058823,154329.53174603175,157815.27692307692,40.5,108.6,2911.017942929823,2933.7889407013467,2819.6337966535793,2967.682115405764,hard,5.0,501190.40811794874,743.8573948649345,501191.21292307694,746.8877704138154
10,2,0.005,1.0,5011872,5.011872e6,0,0,6.63424764239789e-6,6.63424764239789e-6,0,0.0,200000,200000,437495.1666666667,151988.1875,173651.0652173913,358.6666666666667,313.0,119160.40702307566,121084.73078056384,97264.81103335724,98824.0861174806,hard,5.0,5.011898393374359e6,2350.605028520933,5.011895548948718e6,2354.4334086966605
10,3,0.005,1.0,5011872,5.011872e6,0,0,1.8954993263993974e-5,1.8954993263993974e-5,0,0.0,200000,200000,67350.125,156064.63076923077,153701.87692307692,116.8,96.9,45216.18878097767,45855.48105771894,32011.917381895586,32681.455805934096,hard,5.0,5.011907785733334e6,2354.834961846456,5.011911867553846e6,2350.5982906645413
10,2,0.005,1.0,50118723,5.0118723e7,0,0,3.441827518231061e-7,3.441827518231061e-7,0,0.0,200000,200000,879555.5,149346.306122449,171559.1914893617,294.0,143.5,880871.641276029,891670.8479406785,705082.3054421544,709054.2112208921,hard,5.0,5.0118923611071795e7,7443.331403367881,5.0118894544620514e7,7427.576120585446
10,3,0.005,1.0,50118723,5.0118723e7,0,0,1.5962098635274486e-6,1.5962098635274486e-6,0,0.0,200000,200000,881863.0,164586.67716535434,168979.67460317462,154.42857142857142,189.66666666666666,418567.3258768134,426170.05126179295,295701.81422771164,299228.23032945977,hard,5.0,5.011900731838974e7,7455.221130644139,5.0118999618923075e7,7414.933274425519
10,2,0.005,1.0,630957,630957.0,0,0,6.379198582470755e-5,6.379198582470755e-5,0,0.0,200000,200000,11172.285714285714,149700.22448979592,173006.65217391305,243.25,2.0,11920.703150613172,12027.93486913856,10375.889131829243,10578.524183527856,hard,5.0,630959.418948718,836.6059793105717,630955.0545435897,834.6016165189623
10,3,0.005,1.0,630957,630957.0,0,0,0.00019177218098856183,0.00019177218098856183,0,0.0,200000,200000,6293.294117647059,136940.21582733814,159286.7519379845,51.0,23.0,4081.4595492143967,4119.59052015183,3582.569869655829,3755.671326751526,hard,5.0,630957.5470358974,835.4213991706896,630960.0061589744,834.1311969931437
10,2,0.005,1.0,6309573,6.309573e6,0,0,5.269770236432798e-6,5.269770236432798e-6,0,0.0,200000,200000,439878.0,180915.15217391305,186493.55555555556,11.0,0,138231.26910530202,140455.30119121444,110548.52841072231,112594.60914159054,hard,5.0,6.309600812148718e6,2643.155515551294,6.309615893815384e6,2641.8325209619857
10,3,0.005,1.0,6309573,6.309573e6,0,0,1.4422529068131868e-5,1.4422529068131868e-5,0,0.0,200000,200000,63756.21428571428,147748.5864661654,146217.3,93.46153846153847,61.9,62739.80173600463,63650.90332761896,44249.67361664718,45332.96365791374,hard,5.0,6.309608810871795e6,2633.379275349997,6.3096072288358975e6,2644.577027772515
10,2,0.005,1.0,63095734,6.3095734e7,0,0,1.6245155338077214e-7,1.6245155338077214e-7,0,0.0,200000,200000,5.682956142857143e6,169950.86956521738,166440.72340425532,1083.0,634.5,770556.2554067381,777188.161251877,588416.9970010875,590251.0392034509,hard,5.0,6.309591413653846e7,8334.326914095664,6.30959562387282e7,8371.647063032206
10,3,0.005,1.0,63095734,6.3095734e7,0,0,1.1569720387118407e-6,1.1569720387118407e-6,0,0.0,200000,200000,703190.2727272727,165860.8188976378,178834.3064516129,214.42857142857142,161.5,496355.00907507446,505126.48250895034,347608.7792182632,353401.6815826868,hard,5.0,6.309606547958461e7,8362.949460507158,6.309605885624615e7,8343.420974022169
10,2,0.005,1.0,794328,794328.0,0,0,4.437713387920355e-5,4.437713387920355e-5,0,0.0,200000,200000,14763.272727272728,135134.71698113208,158464.70833333334,175.125,36.333333333333336,16608.82706639347,16816.659049925478,13814.64526028395,14089.262843891647,hard,5.0,794330.4044051282,935.6948385101839,794325.0770358974,936.8278057006358
10,3,0.005,1.0,794328,794328.0,0,0,0.00014981216827305598,0.00014981216827305598,0,0.0,200000,200000,7813.740740740741,154389.35820895524,166116.03937007874,23.571428571428573,19.0,5319.004141394775,5365.008336242925,4409.528185522538,4569.85914020276,hard,5.0,794331.6456769231,936.304349005774,794332.9846358974,934.2904607340464
10,2,0.005,1.0,7943282,7.943282e6,0,0,3.556464443790363e-6,3.556464443790363e-6,0,0.0,200000,200000,470890.70588235295,119575.64912280702,135952.78431372548,360.0833333333333,318.5,207905.89600786593,211329.629602147,181633.60325985527,182962.6024695911,hard,5.0,7.943343511651282e6,2964.2711157959966,7.9433311468e6,2960.9690078506646
10,3,0.005,1.0,7943282,7.943282e6,0,0,1.1204436654773178e-5,1.1204436654773178e-5,0,0.0,200000,200000,113600.94871794872,153829.2105263158,145290.91428571427,66.23076923076923,187.85,74881.40117291112,76009.8723767327,54435.797112790744,55188.45158015292,hard,5.0,7.943332697969231e6,2965.4680812211104,7.943325056738461e6,2965.1083205392806
10,3,0.005,1.0,79432823,7.9432823e7,0,0,8.183015225330718e-7,8.183015225330718e-7,0,0.0,200000,200000,1.4338297142857143e6,150187.96240601502,139181.62857142856,255.76923076923077,247.05,614167.3236039372,625489.8356657795,433132.6259147715,440117.8480441081,hard,5.0,7.94332466062e7,9375.983130623983,7.943321684888205e7,9364.359745122638
15,2,0.005,1.0,100000,100000.0,0,0,0.0036075,0.0036075,0,0.0,200000,200000,1250.2643678160919,143289.28813559323,103650.6530612245,78.76923076923077,82.28571428571429,395.6486130723104,399.520453851013,1502.4066827371323,1590.865950206559,hard,5.0,99999.90902051282,332.60846480219146,99999.15413846154,333.19598972274895
15,3,0.005,1.0,100000,100000.0,0,0,0.0143425,0.0143425,0,0.0,200000,200000,227.08235294117648,147072.10826771654,127011.22719141324,14.433962264150944,14.173076923076923,65.27668065488935,65.69262552784929,538.0049472775358,553.1643680766279,hard,5.0,99998.79084102564,332.3458042073558,99999.6477948718,332.65235664311217
15,2,0.005,1.0,1000000,1.0e6,0,0,8.625e-5,8.625e-5,0,0.0,200000,200000,10158.733333333334,157358.85217391304,174009.25,122.9,150.0,7487.25741122833,7565.840570872381,6891.720271218475,7119.297490799987,hard,5.0,1.0000067751538461e6,1051.708137725036,1.0000042096461538e6,1049.60866714099
15,3,0.005,1.0,1000000,1.0e6,0,0,0.00049975,0.00049975,0,0.0,200000,200000,2177.7577639751553,158447.5775510204,149250.698,14.82857142857143,24.511111111111113,1363.4381491971155,1375.2048902172191,2188.117910013767,2344.5018412603567,hard,5.0,1.0000043790461539e6,1050.1090941574917,1.0000032362820513e6,1048.3204905874027
15,2,0.005,1.0,10000000,1.0e7,0,0,6.675e-6,6.675e-6,0,0.0,200000,200000,114268.84615384616,171033.21296296295,173641.44444444444,178.0,29.666666666666668,109111.06209262575,110726.7515478027,94877.15531799573,96724.13457313407,hard,5.0,1.0000062914523076e7,3323.8611561272483,1.0000059936820513e7,3317.5671308411256
15,3,0.005,1.0,10000000,1.0e7,0,0,3.2575e-5,3.2575e-5,0,0.0,200000,200000,33365.98275862069,159399.79958677685,156606.97777777776,117.75862068965517,79.475,22618.17030250212,22905.276936100938,17856.193623598178,18267.995245432,hard,5.0,1.0000062788717948e7,3322.7321655824167,1.0000050532523077e7,3339.9810874448444
15,2,0.005,1.0,100000000,1.0e8,0,0,3.675e-7,3.675e-7,0,0.0,200000,200000,2.24505375e6,125610.83088235294,146743.2276422764,364.7096774193548,493.1111111111111,789629.2482420122,804557.7752221274,670399.7310849706,682135.8450374698,hard,5.0,1.0000039899733846e8,10512.874864847205,1.0000049838114871e8,10503.57283830843
15,3,0.005,1.0,100000000,1.0e8,0,0,2.7474999999999995e-6,2.7474999999999995e-6,0,0.0,200000,200000,291352.52,147117.33333333334,158271.04471544715,208.5818181818182,100.75675675675676,277496.0824013477,282476.45299741067,232313.07510297376,236775.619022266,hard,5.0,1.0000069326441538e8,10529.3017962392,1.0000073543414871e8,10476.133814374829
15,2,0.005,1.0,125892,125892.0,0,0,0.00236512248594033,0.00236512248594033,0,0.0,200000,200000,1355.1315789473683,159998.0353982301,146291.91304347827,36.625,35.9,507.5211113151777,507.1067986788294,1691.6205539188816,1796.3998684434675,hard,5.0,125892.7830051282,371.9900078244791,125892.3464051282,372.16411094559544
15,3,0.005,1.0,125892,125892.0,0,0,0.010260779080481683,0.010260779080481683,0,0.0,200000,200000,302.8563535911602,159504.14081632654,143137.3104125737,11.142857142857142,14.518518518518519,87.7135362654179,88.76745169970927,667.9363129852784,696.5896335295288,hard,5.0,125891.5263897436,373.2389287106975,125890.40405641026,373.07813826698856
15,2,0.005,1.0,1258925,1.258925e6,0,0,6.493635442937427e-5,6.493635442937427e-5,0,0.0,200000,200000,14754.103448275862,157397.0695652174,156402.26086956522,89.2,64.4,10463.1868292501,10573.7162321209,9318.260545623401,9572.550907743764,hard,5.0,1.258930984451282e6,1178.297701249951,1.2589289973128205e6,1180.0987524293985
15,3,0.005,1.0,1258925,1.258925e6,0,0,0.00037075282483070874,0.00037075282483070874,0,0.0,200000,200000,3135.1,158714.3782696177,156279.64049586776,41.69047619047619,40.6551724137931,1815.032752428625,1830.8529542618664,2486.6555335839307,2652.9716000650988,hard,5.0,1.2589253550564102e6,1175.8987767731771,1.2589251082564103e6,1178.6873141055225
15,2,0.005,1.0,12589254,1.2589254e7,0,0,5.302141016457369e-6,5.302141016457369e-6,0,0.0,200000,200000,203818.3076923077,117264.1328125,136832.26495726497,196.47826086956522,158.91666666666666,154881.18644324937,157674.32633794067,138125.3018534271,140645.31250190485,hard,5.0,1.2589325281564103e7,3719.7909740479067,1.258933530856923e7,3721.541040755797
15,3,0.005,1.0,12589254,1.2589254e7,0,0,2.516034707060482e-5,2.516034707060482e-5,0,0.0,200000,200000,37584.41836734694,158415.06720977597,161973.7719665272,117.02777777777777,47.30434782608695,29581.706065055805,29960.51013565597,23793.544778929052,24287.45345754046,hard,5.0,1.2589317931984615e7,3727.868241761097,1.2589347182138462e7,3724.056153743798
15,2,0.005,1.0,158489,158489.0,0,0,0.0014906397289401788,0.0014906397289401788,0,0.0,200000,200000,1386.3809523809523,177096.58095238096,168139.65420560748,0,20.5,691.0712455361999,691.60594401443,1941.4309244297629,2090.941449642009,hard,5.0,158489.09495897437,419.2950539924091,158487.2541230769,417.9574265989392
15,3,0.005,1.0,158489,158489.0,0,0,0.007270220646227814,0.007270220646227814,0,0.0,200000,200000,337.9103139013453,140925.04222648754,133504.65290806754,12.075757575757576,10.551282051282051,121.62335203418826,121.85285764766107,873.2742299772276,913.5341325475688,hard,5.0,158487.85126666666,418.3442835704039,158492.5404153846,418.2967177864601
15,2,0.005,1.0,1584893,1.584893e6,0,0,5.252720530660429e-5,5.252720530660429e-5,0,0.0,200000,200000,16094.4,166901.42105263157,179480.0,90.77777777777777,1.0,12993.009958076229,13147.981828903838,11465.290379424383,11758.453311219468,hard,5.0,1.5849003164820513e6,1320.2414335032881,1.584895259574359e6,1320.9142627403348
15,3,0.005,1.0,1584893,1.584893e6,0,0,0.0002793563981921808,0.0002793563981921808,0,0.0,200000,200000,3801.170542635659,163271.3557894737,157068.0143149284,52.05,75.97058823529412,2392.2288188314733,2414.643241852567,3147.395205568836,3354.5220963373285,hard,5.0,1.5848914113179487e6,1323.4921813955907,1.5848965819846154e6,1323.1389283644844
15,2,0.005,1.0,15848931,1.5848931e7,0,0,4.1169969129148205e-6,4.1169969129148205e-6,0,0.0,200000,200000,125225.54545454546,161298.70909090908,176576.8396226415,40.0,48.0,182384.4107264802,185343.40435094223,158260.10077777653,161568.5994936096,hard,5.0,1.5849031189435897e7,4182.265040416838,1.5849034932907693e7,4184.529078957419
15,3,0.005,1.0,15848931,1.5848931e7,0,0,1.9796287837962068e-5,1.9796287837962068e-5,0,0.0,200000,200000,45343.05882352941,155876.46626984127,160854.78904665314,96.14285714285714,120.86842105263158,38749.596265766035,39262.35270030278,31050.17782961406,31587.699984724153,hard,5.0,1.5849011115579488e7,4182.98876159021,1.584901507251282e7,4189.205730310735
15,2,0.005,1.0,199526,199526.0,0,0,0.0009058969758327235,0.0009058969758327235,0,0.0,200000,200000,2059.603773584906,147158.968,134877.5241935484,44.35,39.89473684210526,1019.8647028944227,1025.1412299397502,2423.836975803051,2590.446377709878,hard,5.0,199525.27885128206,468.97862503438876,199524.23654358974,469.7173593118665
15,3,0.005,1.0,199526,199526.0,0,0,0.005188546856048836,0.005188546856048836,0,0.0,200000,200000,465.75233644859816,147424.31411530814,136095.81015037594,10.875,20.207792207792206,164.84683720767197,164.39702112880553,1063.6732356464381,1118.638268716244,hard,5.0,199524.67017948718,471.1719502208019,199525.9692205128,470.1339486004189
15,2,0.005,1.0,1995262,1.995262e6,0,0,3.946850087858136e-5,3.946850087858136e-5,0,0.0,200000,200000,27815.125,146152.15702479339,149321.68376068375,86.1875,101.25,18279.406179031368,18512.49241464305,16662.86946745986,17086.729023502397,hard,5.0,1.9952693690102564e6,1483.7902697115705,1.9952702822666666e6,1486.759139964435
15,3,0.005,1.0,1995262,1.995262e6,0,0,0.00020987218721150406,0.00020987218721150406,0,0.0,200000,200000,5153.25,158477.90248962655,160654.59465020575,46.370370370370374,42.516129032258064,3177.3460368593155,3210.05764599999,3495.114614838429,3679.1172384460906,hard,5.0,1.9952679482e6,1484.6213159369838,1.9952654585589743e6,1483.9665226643388
15,2,0.005,1.0,19952623,1.9952623e7,0,0,3.4957809807763117e-6,3.4957809807763117e-6,0,0.0,200000,200000,718253.1666666666,174629.6880733945,184426.24528301886,360.75,387.0,208621.63095829677,211778.0395181484,186131.1904338512,188225.17002695389,hard,5.0,1.9952747301964104e7,4696.066758811858,1.9952758795953847e7,4691.169441795467
15,3,0.005,1.0,19952623,1.9952623e7,0,0,1.5499215316201783e-5,1.5499215316201783e-5,0,0.0,200000,200000,57609.5462962963,162800.65163934426,157963.37550200804,59.39393939393939,112.32558139534883,51463.926260289125,52149.583777522545,41761.45114433478,42582.93724924981,hard,5.0,1.995277658809231e7,4689.262749231773,1.9952768427230768e7,4701.943130057006
15,2,0.005,1.0,251188,251188.0,0,0,0.0006180629647913117,0.0006180629647913117,0,0.0,200000,200000,1840.1891891891892,157804.56880733944,147067.44736842104,30.25,51.333333333333336,1313.660806628899,1319.315410576344,2537.2423105288135,2698.0577234836996,hard,5.0,251186.6099076923,527.9474290987995,251185.46052820512,526.4453879336153
15,3,0.005,1.0,251188,251188.0,0,0,0.0036317419621956465,0.0036317419621956465,0,0.0,200000,200000,537.2840909090909,158759.1673553719,146127.59960159363,11.517241379310345,13.872340425531915,223.36179254739025,222.82477571697152,1205.7188049592448,1287.627292723016,hard,5.0,251191.11204615384,523.9839488346175,251189.19405128204,527.6064838237178
15,2,0.005,1.0,2511886,2.511886e6,0,0,3.075378420835977e-5,3.075378420835977e-5,0,0.0,200000,200000,16440.375,172451.1009174312,181862.7663551402,61.0,11.0,23048.398761492117,23330.599913167644,20359.416038730342,20859.1822029735,hard,5.0,2.511894338148718e6,1662.3460997443387,2.5118909878358976e6,1662.5662582357893
15,3,0.005,1.0,2511886,2.511886e6,0,0,0.0001583471542896453,0.0001583471542896453,0,0.0,200000,200000,5791.288461538462,159699.30327868852,163809.88702928871,60.39393939393939,46.52173913043478,4219.690402108231,4260.265715536624,4117.9778241618205,4322.5462489915235,hard,5.0,2.511898648148718e6,1671.001222266607,2.511899084825641e6,1663.8543652018557
15,2,0.005,1.0,25118864,2.5118864e7,0,0,2.5976493204469756e-6,2.5976493204469756e-6,0,0.0,200000,200000,447243.23076923075,156773.99137931035,173516.75454545455,187.0,303.8,289643.574579146,294771.8556705747,260281.7852863651,264840.93053696066,hard,5.0,2.5119036692846153e7,5278.648637507888,2.5119032370353848e7,5273.314218779873
15,3,0.005,1.0,25118864,2.5118864e7,0,0,1.2012884022143675e-5,1.2012884022143675e-5,0,0.0,200000,200000,78855.97590361445,150124.4422700587,165934.5738045738,128.375,79.07692307692308,66145.30040399703,67104.0429627075,51809.15727088411,52736.35976003508,hard,5.0,2.5119044158446155e7,5266.140497458305,2.51190481258359e7,5279.167476849263
15,2,0.005,1.0,316227,316227.0,0,0,0.00041979337627716796,0.00041979337627716796,0,0.0,200000,200000,2948.296296296296,170773.85321100918,160845.38888888888,68.0,14.0,1764.8848682891842,1774.267193424857,2814.6831441892,2973.8156107644277,hard,5.0,316229.35355897434,591.5857567586296,316226.55582564103,593.0383833506995
15,3,0.005,1.0,316227,316227.0,0,0,0.002642879956486954,0.002642879956486954,0,0.0,200000,200000,739.4214285714286,157820.38854805726,153636.78483606558,20.5,24.484848484848484,295.83631514210646,295.3837834157208,1360.936094670322,1457.3159008187329,hard,5.0,316226.1235948718,591.0559378680111,316226.1466461538,589.0300505803613
15,2,0.005,1.0,3162277,3.162277e6,0,0,2.3479916528501456e-5,2.3479916528501456e-5,0,0.0,200000,200000,47661.80952380953,166624.25,163025.07894736843,138.57142857142858,59.77777777777778,29783.750698223914,30159.275286718865,26241.342928482685,26718.703074326677,hard,5.0,3.162291805174359e6,1863.6072150250686,3.1622915303179487e6,1866.9371166767844
15,3,0.005,1.0,3162277,3.162277e6,0,0,0.00012008751921479364,0.00012008751921479364,0,0.0,200000,200000,7970.9646017699115,157468.3946830266,161020.88100208767,80.47058823529412,51.375,5580.33276763706,5634.211995928306,5218.5943149119275,5427.809715457261,hard,5.0,3.1622910509589743e6,1866.0726913726373,3.1622874176205127e6,1869.8611750381979
15,2,0.005,1.0,31622776,3.1622776e7,0,0,1.968517880909633e-6,1.968517880909633e-6,0,0.0,200000,200000,452974.0,157553.2162162162,166468.08181818182,191.16666666666666,87.0,350108.64629778295,356196.360059768,296489.26033987175,300919.973713933,hard,5.0,3.162295738336923e7,5916.8675523261245,3.162298676131795e7,5921.13992745336
15,3,0.005,1.0,31622776,3.1622776e7,0,0,9.494738855311122e-6,9.494738855311122e-6,0,0.0,200000,200000,94822.57281553397,158196.5734989648,158969.56653225806,92.78571428571429,121.41463414634147,85225.45602513576,86485.39687972746,67080.57880519748,68311.13881996812,hard,5.0,3.1623010137317948e7,5893.242736302701,3.1622964350138463e7,5919.128844517957
15,2,0.005,1.0,398107,398107.0,0,0,0.00029200692276197104,0.00029200692276197104,0,0.0,200000,200000,4874.384615384615,173335.78899082568,176061.0,30.75,0,2484.892498997645,2505.9403250053315,3526.6759896097087,3706.3511507816843,hard,5.0,398109.82834358973,661.7824935624328,398108.6959692308,662.4581288597263
15,3,0.005,1.0,398107,398107.0,0,0,0.0018317939649390741,0.0018317939649390741,0,0.0,200000,200000,835.4794520547945,161730.5743801653,155019.1554192229,10.379310344827585,18.323529411764707,407.25747367080305,408.40534669598554,1454.046793538531,1571.6421895904496,hard,5.0,398105.61703076924,662.5673652165656,398108.72632307693,662.4740378445978
15,2,0.005,1.0,3981071,3.981071e6,0,0,1.8273977027789757e-5,1.8273977027789757e-5,0,0.0,200000,200000,73015.42105263157,157677.85585585586,167205.376146789,74.33333333333333,10.75,41221.47542761522,41772.86069557535,34846.270999752436,35566.20622448856,hard,5.0,3.981095620041026e6,2096.5859384915266,3.981100301225641e6,2096.212627826657
15,3,0.005,1.0,3981071,3.981071e6,0,0,9.237463988961765e-5,9.237463988961765e-5,0,0.0,200000,200000,9042.707317073171,160966.39669421487,170598.9389473684,61.89655172413793,32.45,7299.488002763033,7376.016398099261,6467.509249446722,6717.281015243804,hard,5.0,3.981091003379487e6,2096.7782677190394,3.9810935428820513e6,2094.1018510017943
15,2,0.005,1.0,39810717,3.9810717e7,0,0,1.5636493057886901e-6,1.5636493057886901e-6,0,0.0,200000,200000,799388.6,176346.91666666666,177611.4351851852,288.6666666666667,107.66666666666667,362314.4321448263,368488.3566935182,312701.4161304513,318408.2076451447,hard,5.0,3.981091413477949e7,6610.908876156949,3.981092854935897e7,6634.111510519897
15,3,0.005,1.0,39810717,3.9810717e7,0,0,7.428904131518155e-6,7.428904131518155e-6,0,0.0,200000,200000,112205.32653061225,157319.4437751004,160537.54417670684,113.48837209302326,111.11627906976744,110213.37199821812,111842.86051336656,87229.32032380078,88622.60797812902,hard,5.0,3.981100342062564e7,6636.855465685506,3.9811010319702566e7,6646.475585759455
15,2,0.005,1.0,501187,501187.0,0,0,0.0002050132984295283,0.0002050132984295283,0,0.0,200000,200000,4950.46875,147256.66666666666,154858.4649122807,78.08333333333333,100.11111111111111,3344.8558599961375,3379.141017975343,4029.4954805975185,4235.275966581581,hard,5.0,501188.70477948716,744.5749517423168,501184.7727179487,743.9438832343812
15,3,0.005,1.0,501187,501187.0,0,0,0.0012724791345346148,0.0012724791345346148,0,0.0,200000,200000,1132.4541062801932,146663.75345167652,137674.3737957611,38.21153846153846,21.75,573.1025550620261,574.2939991037651,1745.7530914105828,1866.7877295057888,hard,5.0,501188.87134358974,744.4808825223752,501188.4800051282,741.9038190179498
15,2,0.005,1.0,5011872,5.011872e6,0,0,1.3916955580669259e-5,1.3916955580669259e-5,0,0.0,200000,200000,81229.95652173914,125407.33333333333,134032.04918032786,240.88888888888889,269.05882352941177,59872.20858408656,60789.35632988355,53041.09832750748,54024.83836187253,hard,5.0,5.011899231164102e6,2359.803822499133,5.01189446131282e6,2348.575518618009
15,3,0.005,1.0,5011872,5.011872e6,0,0,6.978430414823044e-5,6.978430414823044e-5,0,0.0,200000,200000,12605.851485148514,154850.24696356276,164521.07613168724,74.53846153846153,54.54838709677419,9655.203857783765,9765.459812957997,7929.4253606369,8190.285138078538,hard,5.0,5.011911760174359e6,2352.1139038289125,5.0119023066717945e6,2356.528909727319
15,2,0.005,1.0,50118723,5.0118723e7,0,0,1.122335060292737e-6,1.122335060292737e-6,0,0.0,200000,200000,798319.4,179559.7663551402,186094.78301886792,115.0,270.0,464548.26273684297,472874.44330797374,411171.13859220117,417722.8748894249,hard,5.0,5.0118999859066665e7,7461.432771537496,5.011901173441538e7,7421.456992382786
15,3,0.005,1.0,50118723,5.0118723e7,0,0,5.841130469345757e-6,5.841130469345757e-6,0,0.0,200000,200000,149463.51020408163,152996.66868686868,159798.58110882956,142.5,97.40625,144950.5640568189,147241.90707251648,117662.45845358094,119642.54813658366,hard,5.0,5.011911584894359e7,7431.465176400071,5.0119105144297436e7,7447.610888000602
15,2,0.005,1.0,630957,630957.0,0,0,0.00015096115900132656,0.00015096115900132656,0,0.0,200000,200000,5301.903225806452,149605.70535714287,158534.5181818182,181.42857142857142,28.6,4603.765455594956,4637.552299807428,5161.31758983294,5375.1007274316025,hard,5.0,630960.9136820512,834.5454406616653,630954.0637025641,835.1011806428735
15,3,0.005,1.0,630957,630957.0,0,0,0.0009204272240422089,0.0009204272240422089,0,0.0,200000,200000,1348.153409090909,148793.45691382766,145748.0,16.227272727272727,29.46153846153846,766.8989221826037,770.7443213073267,1810.104160503842,1939.6785399751266,hard,5.0,630954.1172358975,833.7241173679051,630959.1701128205,835.1737850484457
15,2,0.005,1.0,6309573,6.309573e6,0,0,1.176783278361309e-5,1.176783278361309e-5,0,0.0,200000,200000,84272.66666666667,166892.85585585586,178481.64814814815,66.83333333333333,279.0,65645.21360978128,66604.63163018166,56170.83288865302,57199.145611512584,hard,5.0,6.309618633892308e6,2633.689259535261,6.309610775697436e6,2634.468329783811
15,3,0.005,1.0,6309573,6.309573e6,0,0,5.4005239340285e-5,5.4005239340285e-5,0,0.0,200000,200000,17486.69298245614,152074.88095238095,159053.87372708757,54.775510204081634,83.02777777777777,12943.27830833963,13090.484098480607,10380.70806748735,10656.428251138554,hard,5.0,6.309600005851282e6,2646.960874243394,6.309606401010256e6,2635.011147159749
15,2,0.005,1.0,63095734,6.3095734e7,0,0,8.915024270896032e-7,8.915024270896032e-7,0,0.0,200000,200000,1.2689574736842106e6,161118.5,163690.23008849556,295.72727272727275,347.625,546651.0101345337,556598.8588498333,486428.9925966403,496076.34809771966,hard,5.0,6.309603300582564e7,8338.37264458711,6.309604321317436e7,8339.789687916287
15,3,0.005,1.0,63095734,6.3095734e7,0,0,4.568454659708056e-6,4.568454659708056e-6,0,0.0,200000,200000,197244.8153846154,164909.19832985385,169937.3417721519,93.58333333333333,79.21052631578948,176744.8267455017,179595.171548758,144030.49091684155,146775.20170489894,hard,5.0,6.309615381165641e7,8354.1537561017,6.309622850275385e7,8337.260265046567
15,2,0.005,1.0,794328,794328.0,0,0,0.00011424751488050277,0.00011424751488050277,0,0.0,200000,200000,4432.25,163670.04464285713,169701.84545454546,159.85714285714286,22.4,5886.780188957208,5946.313528662129,5848.873568933072,6081.31786268121,hard,5.0,794330.7026871794,934.4871996525433,794329.7643384616,934.0309508082852
15,3,0.005,1.0,794328,794328.0,0,0,0.0006744694886747037,0.0006744694886747037,0,0.0,200000,200000,1953.747311827957,154029.11812627292,143007.876247505,26.305555555555557,34.608695652173914,1029.7422488447594,1036.049469481094,2134.50964902207,2287.353862148387,hard,5.0,794324.9096769231,935.4916454471012,794331.7272205128,936.5074181273075
15,2,0.005,1.0,7943282,7.943282e6,0,0,9.158682771176952e-6,9.158682771176952e-6,0,0.0,200000,200000,92947.3,167126.9099099099,179057.6448598131,324.1666666666667,95.0,84147.17228960025,85394.83471689279,73766.88246042629,75189.46190085955,hard,5.0,7.943342332666666e6,2947.8362310983625,7.943326141897436e6,2960.0913286537525
15,3,0.005,1.0,7943282,7.943282e6,0,0,4.1764852362033726e-5,4.1764852362033726e-5,0,0.0,200000,200000,19507.680672268907,155408.94959677418,156988.80448065174,68.51219512195122,83.63888888888889,16840.553620339397,17034.917571977556,13783.173246657736,14097.783607849615,hard,5.0,7.943330509353846e6,2961.1290111989197,7.943343521938462e6,2967.7854115306814
15,2,0.005,1.0,79432823,7.9432823e7,0,0,6.326100231890287e-7,6.326100231890287e-7,0,0.0,200000,200000,1.4755745789473683e6,148409.53846153847,162937.2162162162,185.41666666666666,321.5,719431.1506708385,733043.661624279,611647.7745626332,624480.2325834963,hard,5.0,7.94332481193436e7,9367.311758569638,7.943321730748205e7,9357.569299772815
15,3,0.005,1.0,79432823,7.9432823e7,0,0,3.572200877211679e-6,3.572200877211679e-6,0,0.0,200000,200000,290200.4505494505,155584.19755600815,161786.7950310559,162.55555555555554,110.82142857142857,226344.17973910528,230239.28278789725,176319.03813146986,179406.75351444248,hard,5.0,7.943340741784616e7,9357.197967487778,7.943340358888718e7,9366.272171718932
20,2,0.005,1.0,100000,100000.0,0,0,0.010155,0.010155,0,0.0,200000,200000,581.6439393939394,163429.92610837438,115580.74485596707,36.0,44.471698113207545,188.9213752554441,194.52903649163284,1181.9163748025073,1231.3474781334382,hard,5.0,100000.24384615384,331.7197823552158,100000.32615384615,333.344241480483
20,3,0.005,1.0,100000,100000.0,0,0,0.04709,0.04709,0,0.0,200000,200000,88.71126760563381,161462.25020508614,147361.58194774346,5.10126582278481,3.1951219512195124,18.87520527955808,18.95783579562532,263.8357318549123,266.5991711321816,hard,5.0,99999.5591025641,332.4162707565506,99997.87327692307,332.3207941413689
20,2,0.005,1.0,1000000,1.0e6,0,0,0.0001695,0.0001695,0,0.0,200000,200000,6085.657142857143,168643.13775510204,169664.56345177666,41.833333333333336,10.428571428571429,3740.8366049540523,3779.1268250590947,4526.688090344117,4753.980468215993,hard,5.0,1.0000027747692307e6,1051.2916297192323,1.0000018765692308e6,1053.2486159248679
20,3,0.005,1.0,1000000,1.0e6,0,0,0.001541,0.001541,0,0.0,200000,200000,903.6995515695068,155383.45241935484,145616.26452119308,21.25,15.716417910447761,426.5672703559754,427.57345694286226,1716.8180811455136,1857.4912474202654,hard,5.0,1.0000039720102564e6,1052.0607582119935,1.0000049255230769e6,1052.2732887260747
20,2,0.005,1.0,10000000,1.0e7,0,0,1.2349999999999999e-5,1.2349999999999999e-5,0,0.0,200000,200000,62374.05405405405,167599.94029850746,164398.10294117648,203.8181818181818,187.64285714285714,58971.87626997787,59764.68279914397,51486.70608371133,52460.65145754906,hard,5.0,1.0000047873071795e7,3316.021170986364,1.0000068253641026e7,3328.8253968625504
20,3,0.005,1.0,10000000,1.0e7,0,0,8.43e-5,8.43e-5,0,0.0,200000,200000,10364.69899665552,155497.71693548388,159523.44852941178,55.53,77.11904761904762,7475.430170634028,7563.1238422068245,6859.913192597049,7139.639921671725,hard,5.0,1.0000044844589744e7,3326.447327393546,1.0000054037215384e7,3317.7486852082943
20,2,0.005,1.0,100000000,1.0e8,0,0,9.35e-7,9.35e-7,0,0.0,200000,200000,816495.6829268293,157161.15165876778,158946.85645933016,258.14285714285717,110.89473684210526,503507.45520480874,512906.06542049424,460599.7624633804,467422.54423204705,hard,5.0,1.0000052403187692e8,10492.91475335909,1.000004793866205e8,10526.690601814504
20,3,0.005,1.0,100000000,1.0e8,0,0,7.010000000000001e-6,7.010000000000001e-6,0,0.0,200000,200000,112107.796875,158990.1036437247,167736.8662262593,96.58947368421053,112.71830985915493,112003.16285026196,113651.37014099855,96315.25685862826,97845.45276085533,hard,5.0,1.0000067580122565e8,10516.397940247447,1.0000073646330257e8,10495.383894681067
20,2,0.005,1.0,125892,125892.0,0,0,0.006446001334477171,0.006446001334477171,0,0.0,200000,200000,751.2232142857143,170625.93467336684,123862.67532467532,31.88888888888889,38.02439024390244,247.23960646437362,253.4479254474359,1420.5936992997536,1496.375269024955,hard,5.0,125890.84377435897,372.24254515966624,125892.30919487179,372.6984798553856
20,3,0.005,1.0,125892,125892.0,0,0,0.0332268928923204,0.0332268928923204,0,0.0,200000,200000,113.1,157665.8137254902,145396.4791830322,7.904761904761905,5.827067669172933,26.100525295315826,26.15895121715108,364.51216138729825,367.0954194306256,hard,5.0,125891.83283589744,373.50194520932945,125891.01592307692,372.3925712566076
20,2,0.005,1.0,1258925,1.258925e6,0,0,0.00012351808090235717,0.00012351808090235717,0,0.0,200000,200000,7638.176470588235,159645.88780487806,158816.52884615384,64.26666666666667,75.88888888888889,5035.039415783195,5092.853851393543,5292.5279685831765,5512.143967388571,hard,5.0,1.2589296180153845e6,1182.6520269464982,1.2589254592564104e6,1178.3315801755464
20,3,0.005,1.0,1258925,1.258925e6,0,0,0.0011176201918303315,0.0011176201918303315,0,0.0,200000,200000,1146.9417475728155,156743.96275303644,149516.96249002393,26.49473684210526,19.469026548672566,580.978816978418,583.3431240146244,1916.258870036529,2059.782649869443,hard,5.0,1.2589283541179488e6,1183.5821928992548,1.258930235702564e6,1183.087547049457
20,2,0.005,1.0,12589254,1.2589254e7,0,0,9.492222493882481e-6,9.492222493882481e-6,0,0.0,200000,200000,110745.40909090909,171105.11675126903,176707.5969387755,58.57142857142857,86.5,75283.4305044025,76316.19528524148,69303.90471311036,70475.96613984225,hard,5.0,1.2589347110907692e7,3733.677797851018,1.258932583183077e7,3742.6224375285287
20,3,0.005,1.0,12589254,1.2589254e7,0,0,6.553207997868658e-5,6.553207997868658e-5,0,0.0,200000,200000,13135.025316455696,159919.70188370187,165976.4590984975,80.30864197530865,42.224137931034484,9815.731982130874,9923.565810578271,8840.06048494776,9123.120673324274,hard,5.0,1.2589310282548718e7,3734.296279090794,1.2589320449317949e7,3734.5070912733436
20,2,0.005,1.0,158489,158489.0,0,0,0.004123314551798547,0.004123314551798547,0,0.0,200000,200000,999.1847826086956,164302.00995024876,129300.96875,38.90909090909091,71.88235294117646,321.55464396594016,326.5701196467325,1638.5848364629594,1742.6781043149003,hard,5.0,158488.6535897436,419.0407548452035,158486.64773333335,417.13560875739955
20,3,0.005,1.0,158489,158489.0,0,0,0.023932260283048033,0.023932260283048033,0,0.0,200000,200000,142.43296703296704,157935.88997555012,144417.2018853103,9.551724137931034,6.932330827067669,35.521011633502,35.59717466086782,491.75466448056,497.5954527655035,hard,5.0,158489.2481179487,417.612890807251,158487.43102564104,418.3913392838474
20,2,0.005,1.0,1584893,1.584893e6,0,0,9.30662196123019e-5,9.30662196123019e-5,0,0.0,200000,200000,9458.235294117647,160446.37623762377,170516.0,47.083333333333336,39.55555555555556,6660.611985387004,6731.067541071701,6682.560993738893,6918.386494463217,hard,5.0,1.584904413451282e6,1325.6105337475963,1.5849085921025642e6,1324.5462948472064
20,3,0.005,1.0,1584893,1.584893e6,0,0,0.0008221375196937585,0.0008221375196937585,0,0.0,200000,200000,1388.119241192412,153983.88,153316.47359870025,20.51764705882353,18.934065934065934,776.1526129944302,780.441024321883,2144.403614400124,2316.9441807769126,hard,5.0,1.5848949886461538e6,1322.3074131108795,1.5848980195846155e6,1322.8788448288121
20,2,0.005,1.0,15848931,1.5848931e7,0,0,7.53994070641105e-6,7.53994070641105e-6,0,0.0,200000,200000,86984.15789473684,161736.9064039409,178053.96464646465,159.46153846153845,124.625,95622.63992424171,96982.67663570594,87882.76995151311,89257.26771462061,hard,5.0,1.5849026382594872e7,4179.832995876197,1.5849045656733334e7,4192.0263585702105
20,3,0.005,1.0,15848931,1.5848931e7,0,0,5.003492033626747e-5,5.003492033626747e-5,0,0.0,200000,200000,17281.817164179105,155612.94260307195,160913.15008156607,62.41237113402062,77.66279069767442,13033.880581939296,13189.410266340785,11396.8532777183,11695.097477020068,hard,5.0,1.584902860342564e7,4172.342702873809,1.5849005587902565e7,4181.8226352520915
20,2,0.005,1.0,199526,199526.0,0,0,0.002493409380231148,0.002493409380231148,0,0.0,200000,200000,1069.450980392157,160173.59024390244,126604.64,38.13333333333333,47.02857142857143,452.8028076820777,456.0952235017176,1963.8904674706828,2104.0298528423687,hard,5.0,199524.05613846154,469.45822271993455,199525.98571794873,470.1361377914914
20,3,0.005,1.0,199526,199526.0,0,0,0.017265920230947345,0.017265920230947345,0,0.0,200000,200000,185.1123348017621,146849.3728278041,145371.5232833465,6.5476190476190474,6.803149606299213,48.60352266336382,48.75872517190625,667.4568683571472,678.7641001845933,hard,5.0,199521.99064615383,468.91135455953344,199523.74456410256,471.29246158329596
20,2,0.005,1.0,1995262,1.995262e6,0,0,7.192037937874825e-5,7.192037937874825e-5,0,0.0,200000,200000,13613.105263157895,165574.6783919598,167085.61111111112,178.0,93.5,8928.018434272537,9026.58907907943,8784.846683560008,9060.519984378983,hard,5.0,1.9952684060461537e6,1481.9949640070583,1.9952654931641025e6,1485.0507472026768
20,3,0.005,1.0,1995262,1.995262e6,0,0,0.0006029283372309,0.0006029283372309,0,0.0,200000,200000,1778.5114285714285,152249.05128205128,154465.59902991107,29.833333333333332,23.804123711340207,1045.0803615403368,1053.4315447024403,2222.8597588003054,2388.3267255400515,hard,5.0,1.9952660643538462e6,1486.5132269759144,1.9952646859128205e6,1479.736375193564
20,2,0.005,1.0,19952623,1.9952623e7,0,0,5.989187486778054e-6,5.989187486778054e-6,0,0.0,200000,200000,117298.75,153989.97584541063,167462.27586206896,159.41176470588235,174.84615384615384,126051.2512412747,128061.26160515533,117603.63869108607,119888.23742719229,hard,5.0,1.995278534648718e7,4696.625075897284,1.9952748720241025e7,4701.830344440014
20,3,0.005,1.0,19952623,1.9952623e7,0,0,3.884201089751458e-5,3.884201089751458e-5,0,0.0,200000,200000,22474.63829787234,157046.44711538462,164280.91639072847,89.42592592592592,78.54411764705883,17173.881427208315,17378.044670375024,14774.535704517459,15131.32238705012,hard,5.0,1.9952748287774358e7,4690.447829550375,1.995273208780513e7,4685.945251532119
20,2,0.005,1.0,251188,251188.0,0,0,0.0016780260203512907,0.0016780260203512907,0,0.0,200000,200000,1591.53125,161540.50980392157,150219.10344827586,34.57142857142857,49.46153846153846,589.499089662332,588.1235883685432,2197.169561252432,2344.5472545414605,hard,5.0,251190.69690256412,526.4765372582652,251187.0418923077,526.904468921786
20,3,0.005,1.0,251188,251188.0,0,0,0.012377183623421502,0.012377183623421502,0,0.0,200000,200000,233.92329545454547,164700.26421404682,155359.29701372073,14.160714285714286,6.575757575757576,65.07612442135353,65.43026166953473,815.0062784821849,841.3550093598802,hard,5.0,251185.30905641025,527.2079698370869,251187.21353846154,526.0235758831798
20,2,0.005,1.0,2511886,2.511886e6,0,0,5.4739745354685685e-5,5.4739745354685685e-5,0,0.0,200000,200000,14770.060606060606,147974.61722488038,168761.0717948718,72.26315789473684,254.4,12007.297186125059,12134.278491086148,11626.907661346493,11967.435536817333,hard,5.0,2.5118962067538463e6,1666.7875809782447,2.511889353841026e6,1664.77019164672
20,3,0.005,1.0,2511886,2.511886e6,0,0,0.0004526479306783827,0.0004526479306783827,0,0.0,200000,200000,2550.5125,157981.03527481543,157903.10696920584,37.32911392405063,33.6063829787234,1379.530173197914,1388.2345282868594,2479.0892717327706,2648.9121479326054,hard,5.0,2.511895713225641e6,1664.7971487731681,2.511895719928205e6,1669.0572081730681
20,2,0.005,1.0,25118864,2.5118864e7,0,0,4.598137877572808e-6,4.598137877572808e-6,0,0.0,200000,200000,192513.53658536586,145235.42081447964,159783.00980392157,171.2258064516129,184.5,165740.31358724667,168518.56379226755,151566.40207187255,154537.41344132845,hard,5.0,2.5119035390030768e7,5270.275209223607,2.511906010172308e7,5266.790032831738
20,3,0.005,1.0,25118864,2.5118864e7,0,0,3.021633462404988e-5,3.021633462404988e-5,0,0.0,200000,200000,27678.61568627451,156553.9750603379,160639.65242399342,72.04854368932038,65.02597402597402,22519.955318884444,22799.813245610352,19641.92376358557,20019.46981684911,hard,5.0,2.511898914745641e7,5273.719359742485,2.5119015160682052e7,5279.140996792999
20,2,0.005,1.0,316227,316227.0,0,0,0.0010040255892128124,0.0010040255892128124,0,0.0,200000,200000,1789.75,140884.625,124502.98253275109,60.794117647058826,45.43589743589744,852.4329414884425,854.4364778880439,2529.5160801328675,2707.1489904984624,hard,5.0,316228.2985230769,588.9962440041754,316228.18385128205,589.9128335040817
20,3,0.005,1.0,316227,316227.0,0,0,0.008876534894237367,0.008876534894237367,0,0.0,200000,200000,297.7190082644628,164512.85428809325,153987.7485898469,11.262295081967213,13.257425742574258,88.34835598450886,88.66559837688334,1022.531313173956,1059.1600229955043,hard,5.0,316225.4129025641,589.1872067313634,316228.7347794872,590.0285510041736
20,2,0.005,1.0,3162277,3.162277e6,0,0,4.221641557649757e-5,4.221641557649757e-5,0,0.0,200000,200000,18356.74074074074,166241.8,173477.43367346938,119.4,12.666666666666666,14856.243126011332,15060.50794364024,13902.306516567402,14246.850415312752,hard,5.0,3.1622873448051284e6,1866.0896920265036,3.162299627682051e6,1865.1464550212438
20,3,0.005,1.0,3162277,3.162277e6,0,0,0.00033741509677994683,0.00033741509677994683,0,0.0,200000,200000,2985.3069306930693,157784.59247135842,159516.2465078061,35.08536585365854,35.54545454545455,1847.5744216403334,1862.7943066399826,2813.100050346784,2999.511919517118,hard,5.0,3.1623001003846154e6,1859.5101257518709,3.1622862988051283e6,1870.9246461021833
20,2,0.005,1.0,31622776,3.1622776e7,0,0,3.3994485493620166e-6,3.3994485493620166e-6,0,0.0,200000,200000,198115.27659574468,146136.34741784038,154461.22857142857,233.2173913043478,182.25,202629.34217730357,206133.8588528318,184440.15579736725,187464.9822532427,hard,5.0,3.1622985612989742e7,5901.078961689933,3.162295758425641e7,5913.518057827658
20,3,0.005,1.0,31622776,3.1622776e7,0,0,2.3622214570915593e-5,2.3622214570915593e-5,0,0.0,200000,200000,37655.693396226416,158658.51100244498,165766.41666666666,64.14942528735632,97.2,29263.47010819047,29641.667110605107,25272.950959868525,25775.04799604895,hard,5.0,3.162292816848718e7,5895.383334169209,3.1622990653958973e7,5914.833191034355
20,2,0.005,1.0,398107,398107.0,0,0,0.0006216921581383899,0.0006216921581383899,0,0.0,200000,200000,1969.8290598290598,123183.66079295154,120385.28384279476,52.62162162162162,46.07692307692308,1227.0462511754167,1232.6800227563995,2801.930210817777,2986.296523885663,hard,5.0,398103.8640615385,661.3990417570215,398106.3519948718,663.1410665972084
20,3,0.005,1.0,398107,398107.0,0,0,0.0063123733066738335,0.0063123733066738335,0,0.0,200000,200000,365.50558659217876,162095.67272727273,154911.13257881973,15.571428571428571,9.360824742268042,119.77742018793828,120.02033534323645,1206.7888538361958,1267.5727172365223,hard,5.0,398107.0597435897,662.2095532672091,398107.028851282,660.382915313018
20,2,0.005,1.0,3981071,3.981071e6,0,0,3.102180292690083e-5,3.102180292690083e-5,0,0.0,200000,200000,27701.87323943662,131407.6222222222,144623.64055299538,150.0857142857143,140.88888888888889,22147.689212042987,22421.97876530832,20291.646089137088,20764.137136261837,hard,5.0,3.9810953508564103e6,2098.9253283427993,3.9811073583230767e6,2099.3690074805463
20,3,0.005,1.0,3981071,3.981071e6,0,0,0.00025294700848088364,0.00025294700848088364,0,0.0,200000,200000,4064.9667673716012,156260.99350121853,156932.22604422603,39.7032967032967,39.71604938271605,2450.694989754493,2472.023582664175,3353.8373589502617,3550.7524872206554,hard,5.0,3.9810778748307694e6,2089.8230985414034,3.9810936168615385e6,2105.219706333091
20,2,0.005,1.0,39810717,3.9810717e7,0,0,2.7002779176270556e-6,2.7002779176270556e-6,0,0.0,200000,200000,351903.125,137618.11059907835,160003.40594059406,207.0,176.33333333333334,262332.9582920335,267067.8839418866,244333.21294415896,248973.96607694135,hard,5.0,3.9810999608235896e7,6617.652445492328,3.981100522750256e7,6665.106518963082
20,3,0.005,1.0,39810717,3.9810717e7,0,0,1.8512603025964092e-5,1.8512603025964092e-5,0,0.0,200000,200000,42096.9,162726.17617866004,163587.62828947368,106.56521739130434,83.21052631578948,38709.868716154415,39220.61928810592,31607.045592265727,32251.14588343544,hard,5.0,3.981100938709743e7,6642.703922779601,3.9810969375015385e7,6618.958626261374
20,2,0.005,1.0,501187,501187.0,0,0,0.0004499318617601813,0.0004499318617601813,0,0.0,200000,200000,2226.7551020408164,165181.76381909547,161580.87623762377,32.22222222222222,30.75,1576.788376477486,1585.4684149828477,2969.171717827799,3166.367510358691,hard,5.0,501182.9915282051,741.250602657983,501186.6513179487,743.1632586854321
20,3,0.005,1.0,501187,501187.0,0,0,0.004451432299720464,0.004451432299720464,0,0.0,200000,200000,449.13296398891964,161994.00333889815,152478.98388396454,18.517241379310345,12.158415841584159,164.90874779596132,164.3805678571947,1416.541267784904,1501.7679231181457,hard,5.0,501185.8819025641,742.9760012367192,501182.47534358973,743.4259339087233
20,2,0.005,1.0,5011872,5.011872e6,0,0,2.5439596222728752e-5,2.5439596222728752e-5,0,0.0,200000,200000,36138.03703703704,169978.13567839196,172457.83076923076,225.88888888888889,29.0,25837.11138287138,26146.430238979723,24369.90648779646,24877.50660127468,hard,5.0,5.011905626825641e6,2349.601064323459,5.011890606092308e6,2353.67673864046
20,3,0.005,1.0,5011872,5.011872e6,0,0,0.00019094661635412876,0.00019094661635412876,0,0.0,200000,200000,5107.493827160494,156109.77633711506,156966.0841503268,52.58510638297872,60.94047619047619,3251.2375191066185,3281.5441810306165,3856.4461426753714,4071.7238011695777,hard,5.0,5.011888584235897e6,2352.976537896616,5.011895955707693e6,2351.6223388012554
20,2,0.005,1.0,50118723,5.0118723e7,0,0,2.1449070041150093e-6,2.1449070041150093e-6,0,0.0,200000,200000,411739.97777777776,156669.7766990291,156145.85576923078,300.9375,237.94444444444446,310556.73457764584,316107.03429176664,285241.47183223936,289964.2478883258,hard,5.0,5.011898806204103e7,7465.268830837065,5.0119086534374356e7,7441.088866383805
20,3,0.005,1.0,50118723,5.0118723e7,0,0,1.4425746641629317e-5,1.4425746641629317e-5,0,0.0,200000,200000,53452.495762711864,156949.26205787782,161988.38353909465,124.61538461538461,95.2,51626.59445451472,52338.70064640296,45690.778729184116,46587.40920214394,hard,5.0,5.0119068808076926e7,7446.039129016587,5.0119031502194874e7,7436.19029869849
20,2,0.005,1.0,630957,630957.0,0,0,0.0003035072120604098,0.0003035072120604098,0,0.0,200000,200000,3339.0,142312.88625592418,156453.7756097561,51.42857142857143,28.0,2165.5468307230312,2182.0466242008374,3272.4745403557167,3469.841968930285,hard,5.0,630957.0585384616,834.0987847527297,630960.6540153846,831.6538834081674
20,3,0.005,1.0,630957,630957.0,0,0,0.0030889585185678264,0.0030889585185678264,0,0.0,200000,200000,571.9025069637883,162779.65937762827,153539.8424489796,21.551020408163264,18.71764705882353,225.97594616966526,225.27258497370056,1484.0909185868952,1580.3373158802012,hard,5.0,630959.3792564103,834.2744880987178,630954.9891128205,833.0677415424934
20,2,0.005,1.0,6309573,6.309573e6,0,0,1.9573432306750392e-5,1.9573432306750392e-5,0,0.0,200000,200000,46970.8717948718,155323.40487804878,163087.8975609756,101.4,127.86666666666666,35262.23345952096,35700.10279536704,31837.796010994407,32346.01295428155,hard,5.0,6.309609417302564e6,2640.959716253752,6.309613041866667e6,2643.094982409328
20,3,0.005,1.0,6309573,6.309573e6,0,0,0.00014501773733341386,0.00014501773733341386,0,0.0,200000,200000,5441.405750798722,155350.11428571428,157895.92469635626,46.705882352941174,47.37894736842105,4309.257513817809,4353.934055350582,4572.510960427266,4801.410227704806,hard,5.0,6.309592193087179e6,2642.1310216936604,6.3095936812307695e6,2634.371883330966
20,2,0.005,1.0,63095734,6.3095734e7,0,0,1.64036446584487e-6,1.64036446584487e-6,0,0.0,200000,200000,475744.65714285715,148173.91469194312,162952.9552238806,217.57142857142858,185.54545454545453,377805.0198360619,384287.34490793647,336803.79742581706,343576.2126114003,hard,5.0,6.30961711137282e7,8333.558078593918,6.309611694827692e7,8354.351020329372
20,3,0.005,1.0,63095734,6.3095734e7,0,0,1.1205194950263993e-5,1.1205194950263993e-5,0,0.0,200000,200000,72365.34468085106,156182.6313253012,162626.9705882353,100.62857142857143,106.11904761904762,67500.47084316218,68450.7356574432,56745.611459656626,57815.01630863008,hard,5.0,6.3096134957246155e7,8339.753208393115,6.3096138884184614e7,8352.37150350945
20,2,0.005,1.0,794328,794328.0,0,0,0.00022849502976100554,0.00022849502976100554,0,0.0,200000,200000,4407.177777777778,159991.82587064678,161739.41708542712,32.36363636363637,57.333333333333336,2843.0356752649354,2872.3411614794272,3879.456331924593,4082.8815124800108,hard,5.0,794336.1717128205,932.6132670987391,794328.9137948718,935.3972970663052
20,3,0.005,1.0,794328,794328.0,0,0,0.0021766826802026365,0.0021766826802026365,0,0.0,200000,200000,769.4578833693305,153734.54849225754,144124.77760252365,27.275862068965516,13.390625,314.3534465527543,314.2825346715236,1761.6781393655165,1900.2479794062933,hard,5.0,794331.6002615384,937.2199349494394,794326.9242871795,937.5013157211771
20,2,0.005,1.0,7943282,7.943282e6,0,0,1.5044159328599942e-5,1.5044159328599942e-5,0,0.0,200000,200000,54647.5,156482.48768472907,165201.73039215687,179.07692307692307,127.5,48500.75505436794,49184.4278100796,45715.40229526676,46656.335598539525,hard,5.0,7.943336156046154e6,2964.019722997107,7.943330321076923e6,2963.189642847403
20,3,0.005,1.0,7943282,7.943282e6,0,0,0.00011015597834748911,0.00011015597834748911,0,0.0,200000,200000,8256.05637982196,150051.7179080824,155391.36577453365,63.631147540983605,50.74193548387097,5745.1652465938705,5808.458390171683,5625.399217393355,5863.258060452364,hard,5.0,7.943317353266667e6,2956.7311790927843,7.943312129189744e6,2956.8726456080417
20,2,0.005,1.0,79432823,7.9432823e7,0,0,1.2274522837996077e-6,1.2274522837996077e-6,0,0.0,200000,200000,448622.6875,160401.10144927536,166133.03980099503,226.2941176470588,150.0909090909091,430349.3205916688,437916.7062605759,389924.11721986224,395889.39480763796,hard,5.0,7.943327013475898e7,9378.912241324679,7.943325165681538e7,9392.451990306961
20,3,0.005,1.0,79432823,7.9432823e7,0,0,8.825067189164359e-6,8.825067189164359e-6,0,0.0,200000,200000,87743.43137254902,157818.64022435897,159323.32601626017,102.5925925925926,127.28888888888889,86839.995991571,88107.25606828439,72939.69430159155,74213.93533433446,hard,5.0,7.94333265268718e7,9363.134045856586,7.943340609286667e7,9367.928628147853
25,2,0.005,1.0,100000,100000.0,0,0,0.020525,0.020525,0,0.0,200000,200000,430.6524390243902,166343.3575949367,83701.30022075055,5.3125,50.55555555555556,116.22209281671606,117.69641079909098,988.4058749281348,1001.857481524869,hard,5.0,100000.8882974359,332.7252917641845,100001.0037948718,331.2743891275931
25,3,0.005,1.0,100000,100000.0,0,0,0.13735,0.13735,0,0.0,200000,200000,44.09308510638298,155648.21069561722,152884.59814963798,1.2834224598930482,1.1129032258064515,6.918167024216119,6.912801012084272,128.11316614683113,127.67646552489667,hard,5.0,100000.35974871795,331.04297314751676,100001.14169230769,332.4436710168486
25,2,0.005,1.0,1000000,1.0e6,0,0,0.0002975,0.0002975,0,0.0,200000,200000,3507.40625,156261.97204968944,165133.73954983923,38.09090909090909,66.63636363636364,2133.196934386315,2152.2829008905305,3435.512488212219,3652.7579229059697,hard,5.0,1.0000036056769231e6,1053.5128309481147,1.0000100125333334e6,1051.3596520122967
25,2,0.005,1.0,10000000,1.0e7,0,0,1.925e-5,1.925e-5,0,0.0,200000,200000,37574.10344827586,160681.3364197531,164552.1052631579,85.41666666666667,75.47826086956522,36043.712843454996,36511.69980862911,32950.27374768045,33656.700264258136,hard,5.0,1.0000063920712821e7,3325.9121125925517,1.0000067285579488e7,3319.309214925417
25,3,0.005,1.0,10000000,1.0e7,0,0,0.00018575,0.00018575,0,0.0,200000,200000,4884.951175406872,158472.47847278634,162810.12546430045,46.68518518518518,32.90243902439025,3219.172455322846,3250.8667430423143,3791.1289523193186,4002.259487472935,hard,5.0,1.0000038303569231e7,3323.4176618029746,1.0000066605405128e7,3321.3078528189317
25,2,0.005,1.0,100000000,1.0e8,0,0,1.575e-6,1.575e-6,0,0.0,200000,200000,511132.6603773585,147390.95845697328,165082.01875,144.24324324324326,196.3,370853.84370986646,377355.73481133947,348337.79693240527,354987.3037270513,hard,5.0,1.0000062535540512e8,10509.425881070265,1.0000061992504616e8,10495.396300716679
25,3,0.005,1.0,100000000,1.0e8,0,0,1.3975000000000001e-5,1.3975000000000001e-5,0,0.0,200000,200000,58259.09696969697,152205.16312056736,161325.9609438568,108.85714285714286,111.26582278481013,51137.03413793181,51827.05830661577,44469.0015398199,45376.95815420571,hard,5.0,1.0000061789781539e8,10534.406658693004,1.0000070167986155e8,10496.73163889789
25,2,0.005,1.0,125892,125892.0,0,0,0.013900803863629142,0.013900803863629142,0,0.0,200000,200000,522.3052631578947,155416.72222222222,91985.60520094563,23.916666666666668,58.22764227642276,151.4665200579642,154.9020631010979,1246.0059958122763,1279.8636495705655,hard,5.0,125893.07648205128,372.50526164941033,125888.8826,373.3265238714285
25,3,0.005,1.0,125892,125892.0,0,0,0.09087154068566708,0.09087154068566708,0,0.0,200000,200000,56.61103979460847,156040.2392093586,151952.96500994035,1.23463687150838,2.0651162790697675,9.729357749900203,9.744881679311318,186.56699541306452,187.82344995459323,hard,5.0,125893.19303076922,372.87462357434754,125890.01747179487,372.2093570468453
25,2,0.005,1.0,1258925,1.258925e6,0,0,0.00021645451476458088,0.00021645451476458088,0,0.0,200000,200000,5178.45,156441.98113207548,157961.9099378882,48.94444444444444,51.77272727272727,2894.7599790651448,2917.4446925239,4072.2952734564083,4308.723620613492,hard,5.0,1.258929400225641e6,1175.3100310468203,1.2589267218666666e6,1180.6000776000526
25,2,0.005,1.0,12589254,1.2589254e7,0,0,1.4496490419527638e-5,1.4496490419527638e-5,0,0.0,200000,200000,63842.651162790695,148628.12537313433,152664.4802431611,61.457142857142856,130.89655172413794,49505.77972369264,50187.1717257635,45637.26987864611,46547.67279724901,hard,5.0,1.2589323082743589e7,3734.740605285158,1.2589336816533333e7,3730.102108164535
25,3,0.005,1.0,12589254,1.2589254e7,0,0,0.00014039751680282246,0.00014039751680282246,0,0.0,200000,200000,6373.590266875981,155111.54025764894,157731.3737291582,45.27717391304348,62.710691823899374,4299.8100533709385,4345.756373896287,4771.728153967796,5024.412399819986,hard,5.0,1.2589304413517948e7,3728.4345126934304,1.2589309826451283e7,3717.5494500273085
25,2,0.005,1.0,158489,158489.0,0,0,0.008738776823628138,0.008738776823628138,0,0.0,200000,200000,785.7407407407408,131754.31506849316,85062.0,135.55384615384617,182.6341463414634,195.08725826560556,199.9291862881415,1480.385042144991,1541.152912377347,hard,5.0,158488.29465128205,417.97250152607614,158489.98204615383,417.6606502803773
25,3,0.005,1.0,158489,158489.0,0,0,0.06216519758469042,0.06216519758469042,0,0.0,200000,200000,69.39105504587155,158526.7817813765,147025.35630841122,1.8764705882352941,2.361940298507463,13.586249057579321,13.594318398619942,266.78587822376727,268.05409236671005,hard,5.0,158489.1732871795,417.4336929771215,158490.50641538462,418.22182009970936
25,2,0.005,1.0,1584893,1.584893e6,0,0,0.00015773935527508797,0.00015773935527508797,0,0.0,200000,200000,5672.561797752809,156268.04320987655,154770.94817073172,50.958333333333336,51.07142857142857,3913.428088745314,3951.7989332878324,4672.087002254236,4893.685465188792,hard,5.0,1.5848961925897435e6,1320.9284272506916,1.5848993072307692e6,1320.458434476804
25,3,0.005,1.0,1584893,1.584893e6,0,0,0.0020032898119936174,0.0020032898119936174,0,0.0,200000,200000,696.269588313413,158697.395951417,152626.7656870532,16.423529411764704,18.76605504587156,313.96863230024167,314.47099426516235,1870.6117384031525,2001.8376261813316,hard,5.0,1.584894213574359e6,1325.486038753637,1.584895973e6,1322.9845993388083
25,2,0.005,1.0,15848931,1.5848931e7,0,0,1.1514972208535704e-5,1.1514972208535704e-5,0,0.0,200000,200000,89613.07792207792,157218.80428134557,154344.4509202454,82.0,121.38461538461539,60587.30893184951,61445.624890240484,55632.82633413023,56631.40431551946,hard,5.0,1.5849023318164103e7,4188.680448803237,1.5849031007107692e7,4193.4919651697965
25,3,0.005,1.0,15848931,1.5848931e7,0,0,0.0001072627548192367,0.0001072627548192367,0,0.0,200000,200000,8281.074211502782,157051.64456126164,163250.54176904177,38.589595375722546,50.11971830985915,5642.618438502792,5701.70461858219,5747.5647592210335,5988.450817683571,hard,5.0,1.5849003304358974e7,4188.416222330436,1.5848999109307691e7,4178.712950225794
25,2,0.005,1.0,199526,199526.0,0,0,0.007592995399095857,0.007592995399095857,0,0.0,200000,200000,954.8510638297872,186543.58881578947,171395.6253968254,29.75,59.0,218.62642493213073,224.0293784229348,1650.7217237574355,1726.3882460217624,hard,5.0,199524.7483076923,469.88351693203236,199525.6886871795,467.7134249773686
25,3,0.005,1.0,199526,199526.0,0,0,0.04334021631266101,0.04334021631266101,0,0.0,200000,200000,88.99360341151386,154071.4509487283,143231.45890144137,2.07909604519774,3.0786516853932584,18.915726344847915,18.92538705499691,379.45149382720365,380.7222697711695,hard,5.0,199527.5085179487,469.84599386863823,199526.33691282052,469.47667272732167
25,2,0.005,1.0,1995262,1.995262e6,0,0,0.00011652605021295448,0.00011652605021295448,0,0.0,200000,200000,7408.030769230769,155398.84592145015,165316.3785488959,76.7741935483871,64.11764705882354,5200.161909588656,5252.890941820254,5617.847336775344,5871.729751982434,hard,5.0,1.9952663524307692e6,1483.7744306590141,1.9952686474102563e6,1484.0309769567978
25,3,0.005,1.0,1995262,1.995262e6,0,0,0.0014459253972661235,0.0014459253972661235,0,0.0,200000,200000,899.4952638700947,157987.7948822096,153963.32801276934,19.59259259259259,15.393203883495145,427.48191452541744,428.5370347053159,1913.3511013149594,2075.2526339846436,hard,5.0,1.9952543921589744e6,1488.2473723149385,1.995260447574359e6,1483.5484885081173
25,2,0.005,1.0,19952623,1.9952623e7,0,0,8.770776654277485e-6,8.770776654277485e-6,0,0.0,200000,200000,103033.76190476191,147244.48823529412,151750.14714714716,118.725,106.60606060606061,80933.70042925363,82160.7963428354,74077.22231424342,75584.65413534747,hard,5.0,1.9952748709738463e7,4701.216118079091,1.9952764196394872e7,4688.112822719959
25,3,0.005,1.0,19952623,1.9952623e7,0,0,8.257059735955519e-5,8.257059735955519e-5,0,0.0,200000,200000,10673.258188824662,159798.35107679805,162877.8174668874,50.453416149068325,58.37931034482759,7366.135344371683,7449.467968968807,7187.26321047734,7420.350880718116,hard,5.0,1.995271134211795e7,4697.481684840574,1.9952730915723078e7,4684.150945019658
25,2,0.005,1.0,251188,251188.0,0,0,0.0036227845279233084,0.0036227845279233084,0,0.0,200000,200000,886.1325301204819,170441.303514377,157169.82972136224,58.46153846153846,38.43478260869565,323.0942563799839,326.64144067718934,1910.4903307911804,2030.9397447862589,hard,5.0,251186.87725128204,526.2224339960252,251185.3341948718,525.9601711901878
25,3,0.005,1.0,251188,251188.0,0,0,0.03103253340127713,0.03103253340127713,0,0.0,200000,200000,110.82543640897755,157603.30417335473,150663.2898089172,6.630208333333333,2.792452830188679,25.686961091294833,25.785516944859175,509.1360567219471,517.2415314073336,hard,5.0,251189.38016923078,526.5990414185128,251188.1870102564,525.9745064626302
25,2,0.005,1.0,2511886,2.511886e6,0,0,8.658832447013917e-5,8.658832447013917e-5,0,0.0,200000,200000,10787.426829268292,146034.8,157098.9135802469,80.24,51.666666666666664,7027.514742445177,7103.356191137316,7257.076331785356,7513.779071434827,hard,5.0,2.5119097737179487e6,1658.1334668263996,2.511890168630769e6,1666.6591918131498
25,3,0.005,1.0,2511886,2.511886e6,0,0,0.0010569747193941127,0.0010569747193941127,0,0.0,200000,200000,1096.265625,153184.76035383996,152218.74226804124,18.203208556149733,19.495495495495497,576.9293393543545,579.7777306032838,2098.929154937533,2273.918226686966,hard,5.0,2.5118865071538463e6,1665.353094055968,2.5118974918615385e6,1669.0718538433232
25,2,0.005,1.0,25118864,2.5118864e7,0,0,6.966875572080012e-6,6.966875572080012e-6,0,0.0,200000,200000,118622.25555555556,144343.52737752162,147127.56756756757,120.44680851063829,83.48484848484848,107166.50363555033,108832.68044551025,97466.15885727674,99366.65155898848,hard,5.0,2.511907832542564e7,5251.100781920879,2.5119042512646154e7,5263.7628045001575
25,3,0.005,1.0,25118864,2.5118864e7,0,0,6.319951411815438e-5,6.319951411815438e-5,0,0.0,200000,200000,13242.500884955753,156823.32020891923,160158.34240454916,89.32275132275132,67.95679012345678,9794.035379065492,9904.16720670562,8844.349476129391,9137.224340579804,hard,5.0,2.5119018053302564e7,5258.113940119877,2.511900497096923e7,5259.17338575392
25,2,0.005,1.0,316227,316227.0,0,0,0.0022768454306558265,0.0022768454306558265,0,0.0,200000,200000,1084.735294117647,161543.44891640867,137751.0285714286,51.0,42.02,448.5368098821831,448.4362301253959,2246.3180474464393,2401.315333011404,hard,5.0,316226.88714358973,592.4222094100395,316224.9550974359,590.6647321392421
25,3,0.005,1.0,316227,316227.0,0,0,0.022199242948894308,0.022199242948894308,0,0.0,200000,200000,141.42465753424656,157241.2400322191,154541.9995990377,4.14207650273224,6.283505154639175,35.130873752736704,35.22770391233088,682.956931835789,693.5547573428286,hard,5.0,316225.60921538464,588.2749244054511,316227.80343076924,590.8893705061844
25,2,0.005,1.0,3162277,3.162277e6,0,0,6.87795534673275e-5,6.87795534673275e-5,0,0.0,200000,200000,14698.6375,150781.32424242425,158602.9024390244,71.56666666666666,104.14285714285714,9109.277275747194,9208.07470532134,9068.150336922801,9375.127496340998,hard,5.0,3.162291273948718e6,1868.9935546617087,3.1622917030102564e6,1871.963730976238
25,3,0.005,1.0,3162277,3.162277e6,0,0,0.0007810827451232135,0.0007810827451232135,0,0.0,200000,200000,1435.1671018276763,156964.99275653923,152186.35113591072,25.85945945945946,21.669856459330145,774.15910683237,779.1559194849337,2262.1103299252773,2448.9035346905303,hard,5.0,3.1622805816666665e6,1875.8867019835861,3.1622955914102565e6,1866.6713248281353
25,2,0.005,1.0,31622776,3.1622776e7,0,0,5.53398601058933e-6,5.53398601058933e-6,0,0.0,200000,200000,148539.92857142858,159747.99380804953,172184.3685897436,120.21739130434783,30.666666666666668,128027.98265904881,130004.3461992644,115114.34614213681,117210.98119222511,hard,5.0,3.1622989440558974e7,5915.136190162496,3.1622987442220513e7,5899.060069446397
25,3,0.005,1.0,31622776,3.1622776e7,0,0,4.8857190779202945e-5,4.8857190779202945e-5,0,0.0,200000,200000,17162.519848771266,158944.45865580448,161608.80584890334,70.21290322580646,66.40123456790124,12889.863312835127,13039.55307420849,12057.0960063199,12372.782437787866,hard,5.0,3.1622939198846154e7,5884.864824356409,3.1622941211282052e7,5920.187180092399
25,2,0.005,1.0,398107,398107.0,0,0,0.0013124612227366009,0.0013124612227366009,0,0.0,200000,200000,1389.9924242424242,152679.50308641975,137791.38304093567,25.333333333333332,69.14285714285714,636.0530886304277,635.7775068141868,2345.4105697795126,2510.2916680815433,hard,5.0,398106.30174358975,662.6799189076864,398108.00562564103,664.2414623195044
25,3,0.005,1.0,398107,398107.0,0,0,0.016007003142371273,0.016007003142371273,0,0.0,200000,200000,175.74608904933814,156897.35874439462,148995.8838582677,7.294117647058823,6.695833333333334,47.85802892310397,47.99179590145214,907.4606312746707,925.3104152052689,hard,5.0,398104.3107179487,663.0963828322335,398108.2228,662.1862115238874
25,2,0.005,1.0,3981071,3.981071e6,0,0,5.14936809717787e-5,5.14936809717787e-5,0,0.0,200000,200000,15655.725806451614,160261.44164037856,165847.44585987262,132.0,70.14285714285714,12090.401783301424,12230.46995483968,11657.660674038409,11965.889811272811,hard,5.0,3.9810926837333334e6,2097.911762646634,3.9810833701128205e6,2106.5503803121937
25,3,0.005,1.0,3981071,3.981071e6,0,0,0.0005808738402304305,0.0005808738402304305,0,0.0,200000,200000,1767.958525345622,158123.0459862848,158427.90585858587,31.497206703910614,24.01142857142857,1029.5861818604396,1037.0917490568568,2429.3545994341016,2607.4138415627435,hard,5.0,3.9810912472871793e6,2096.1874786046756,3.9810909624461536e6,2097.703246105744
25,2,0.005,1.0,39810717,3.9810717e7,0,0,4.27020693950325e-6,4.27020693950325e-6,0,0.0,200000,200000,201111.25373134328,153147.4909638554,158520.93292682926,146.96875,111.03571428571429,160667.9964166357,163299.5268419904,149426.30721873915,152180.08002583674,hard,5.0,3.981098871360513e7,6637.635569310635,3.981097044923077e7,6629.05817934781
25,3,0.005,1.0,39810717,3.9810717e7,0,0,3.767829652502868e-5,3.767829652502868e-5,0,0.0,200000,200000,20919.29181494662,151487.54038997216,159501.0487408611,84.61032863849765,60.635802469135804,17090.623307063655,17296.097469069402,15619.033263410329,15978.87844789902,hard,5.0,3.98109735178e7,6608.321515841656,3.981093456261539e7,6639.310222867689
25,2,0.005,1.0,501187,501187.0,0,0,0.0008529750372615411,0.0008529750372615411,0,0.0,200000,200000,1709.8936170212767,143829.3918128655,135069.21875,44.26190476190476,61.28846153846154,888.109981724478,887.6836805189183,2564.399815922322,2758.7014410540437,hard,5.0,501185.90804615384,741.329672315688,501188.5692923077,742.7609441272008
25,2,0.005,1.0,5011872,5.011872e6,0,0,3.890761775240868e-5,3.890761775240868e-5,0,0.0,200000,200000,23756.121951219513,135043.01955307263,157365.97839506174,144.6551724137931,95.58333333333333,16206.12044415785,16418.84635189357,15613.90047296475,16033.471058500312,hard,5.0,5.011891405194872e6,2351.9970474050983,5.011897094138461e6,2349.689156727161
25,3,0.005,1.0,5011872,5.011872e6,0,0,0.0004319743201741784,0.0004319743201741784,0,0.0,200000,200000,2366.820919175911,158446.3419012648,159006.0617886179,34.82781456953642,26.11875,1378.1179798217272,1388.0038707848232,2620.3484995045683,2793.2293202092405,hard,5.0,5.011892567574359e6,2348.5926001088437,5.011877881194872e6,2345.256673186469
25,2,0.005,1.0,50118723,5.0118723e7,0,0,3.3919459599958283e-6,3.3919459599958283e-6,0,0.0,200000,200000,229980.32786885247,153531.70909090908,162109.37116564417,159.93333333333334,157.03846153846155,203476.66119782205,206911.79642190895,190637.52964543656,193826.3206628699,hard,5.0,5.01190384788e7,7416.857172984021,5.011907381428205e7,7444.861403710218
25,3,0.005,1.0,50118723,5.0118723e7,0,0,2.9230593125846404e-5,2.9230593125846404e-5,0,0.0,200000,200000,26374.67213114754,155204.37990392314,158979.84668284788,79.58585858585859,59.16279069767442,22337.441196632895,22618.1414823432,20775.524045857175,21238.646818359324,hard,5.0,5.0119005029641025e7,7442.816683882612,5.011897149688205e7,7450.745628203078
25,2,0.005,1.0,630957,630957.0,0,0,0.0005864108013699824,0.0005864108013699824,0,0.0,200000,200000,2067.871794871795,158991.640625,160814.07836990597,43.9,68.05263157894737,1178.108392932783,1186.1379067835826,2738.0986873829365,2925.3048705792316,hard,5.0,630957.6180205129,835.1026199439442,630966.298974359,832.367667387092
25,2,0.005,1.0,6309573,6.309573e6,0,0,3.090541943171115e-5,3.090541943171115e-5,0,0.0,200000,200000,29491.72,158337.78056426332,158491.45426829267,114.6842105263158,64.25,21143.992939309093,21387.18158236487,19509.430137976073,19915.281529103046,hard,5.0,6.309597094907693e6,2641.1828183029247,6.309610395969231e6,2643.44208349807
25,3,0.005,1.0,6309573,6.309573e6,0,0,0.00032767669064134766,0.00032767669064134766,0,0.0,200000,200000,3013.5518453427067,158641.17331163547,161861.47385620914,27.77848101265823,27.85810810810811,1813.0498352916602,1829.2427661263785,2938.7683157560396,3133.1155328993564,hard,5.0,6.309602781851282e6,2637.1263120223894,6.309595890076923e6,2633.185867854719
25,2,0.005,1.0,63095734,6.3095734e7,0,0,2.6943184463152453e-6,2.6943184463152453e-6,0,0.0,200000,200000,347452.6346153846,168116.70569620252,165991.24137931035,136.625,121.0,258504.4284691894,262828.23055251915,240068.52306134635,244497.0010518135,hard,5.0,6.309615809655897e7,8357.581721866534,6.309609844272821e7,8360.296243346349
25,3,0.005,1.0,63095734,6.3095734e7,0,0,2.2862084463586714e-5,2.2862084463586714e-5,0,0.0,200000,200000,36647.96269982238,154013.2927409758,157552.02378073358,101.63800904977376,75.06629834254143,29572.009402420197,29950.488644248693,25594.44068132824,26128.562948327053,hard,5.0,6.30960706468718e7,8324.956994303195,6.3096126176835895e7,8349.297276924715
25,2,0.005,1.0,794328,794328.0,0,0,0.0004060035652778197,0.0004060035652778197,0,0.0,200000,200000,2993.3483146067415,144549.2142857143,156957.5665634675,54.44444444444444,72.78260869565217,1626.3143779639352,1636.2698263608352,3150.343625304909,3360.9867953745006,hard,5.0,794326.7411179487,936.0841645117375,794330.0464205128,932.9732366811999
25,2,0.005,1.0,7943282,7.943282e6,0,0,2.3604852503033383e-5,2.3604852503033383e-5,0,0.0,200000,200000,34195.125,156712.0676923077,152907.41049382716,87.68,105.79166666666667,27834.312622016278,28188.004067268237,25876.27823977552,26390.384201535388,hard,5.0,7.943337476861538e6,2967.6933709165896,7.943337970441026e6,2961.7431506740554
25,3,0.005,1.0,7943282,7.943282e6,0,0,0.00024486100329813295,0.00024486100329813295,0,0.0,200000,200000,3773.42,158096.27342179333,160293.6484149856,48.05882352941177,37.35658914728682,2425.5565468349423,2446.9210595359555,3285.932039224393,3489.956136013427,hard,5.0,7.943324487815385e6,2958.332637860557,7.943305052138462e6,2962.42717465194
25,2,0.005,1.0,79432823,7.9432823e7,0,0,2.1087000772967622e-6,2.1087000772967622e-6,0,0.0,200000,200000,353994.9433962264,160174.76073619633,164747.02507836992,176.46153846153845,146.10526315789474,309383.4880119854,314812.118779843,295157.6895668081,300073.41348672425,hard,5.0,7.943333083130257e7,9380.002409179539,7.943336710829231e7,9369.355125022637
25,3,0.005,1.0,79432823,7.9432823e7,0,0,1.7876740953799415e-5,1.7876740953799415e-5,0,0.0,200000,200000,44328.549019607846,158652.29835802963,160875.6420753952,113.03045685279187,77.87425149700599,38589.64196191336,39094.91094466018,33412.961867119484,34107.082625913,hard,5.0,7.943332712410769e7,9376.098045395638,7.943329123562051e7,9343.892995768507
