L,d,J,Jprop,NX,NY,rR_random,rH_random,rR_hosthost,rH_phagephage,rH_phagehost,rH_3body,GenePersisentTime,mean_establish_size,persTimeHost,persTimePhage,gapTimeHost,gapTimePhage,theta_GH,theta_GP,theta_gH,theta_gP,constraint,soft_threshold
15,2,0.005,1.0,1000000,1.0e6,3.981071705534972e-5,3.981071705534972e-5,0.0,0.0,0.0,0.0,200000,14343.679389312978,16951.81766917293,17729.3320610687,221.67361111111111,186.92470588235295,13343.522886293274,13563.315579012457,11952.839457393433,12147.705632487632,hard,5.0
15,2,0.005,1.0,1000000,1.0e6,0.0,0.0,3.981071705534972e-5,0.0,3.981071705534972e-5,0.0,200000,16023.171161825727,10600.176915799433,11375.08091286307,315.7731092436975,318.9453488372093,15984.77098433602,16329.840077540528,13866.553689523778,14303.521034181329,hard,5.0
15,2,0.005,1.0,1000000,1.0e6,0.00015848931924611134,0.00015848931924611134,0.0,0.0,0.0,0.0,200000,0,0,0,0,0,3333.687941496227,3355.365666396502,2952.2781700012238,2970.4451099264083,hard,5.0
15,2,0.005,1.0,1000000,1.0e6,0.0,0.0,0.001,0.0,0.001,0.0,200000,0,0,0,0,0,705.5386030663467,724.1728801147214,1517.9080624318428,1664.0384921090815,hard,5.0
15,2,0.005,1.0,1000000,1.0e6,0.0,0.0,0.00015848931924611134,0.0,0.00015848931924611134,0.0,200000,0,0,0,0,0,4006.0140718795196,4042.688971112144,4290.097366953961,4477.466270334601,hard,5.0
15,2,0.005,1.0,1000000,1.0e6,0.0,0.0,0.01,0.0,0.01,0.0,200000,0,0,0,0,0,72.15944529155145,83.36371924069714,164.67964508091762,236.49176296870627,hard,5.0
15,2,0.005,1.0,1000000,1.0e6,1.0e-6,1.0e-6,0.0,0.0,0.0,0.0,58335,0,0,0,0,0,NaN,NaN,NaN,NaN,hard,5.0
15,2,0.005,1.0,1000000,1.0e6,0.0025118864315095803,0.0025118864315095803,0.0,0.0,0.0,0.0,200000,0,0,0,0,0,200.47198331258966,201.67974183619296,181.2945455860239,177.56605593933938,hard,5.0
15,2,0.005,1.0,1000000,1.0e6,0.0,0.0,1.0e-6,0.0,1.0e-6,0.0,61560,0,0,0,0,0,NaN,NaN,NaN,NaN,hard,5.0
15,2,0.005,1.0,1000000,1.0e6,0.0,0.0,0.00039810717055349724,0.0,0.00039810717055349724,0.0,200000,0,0,0,0,0,1690.4658084762827,1713.0757736779588,3152.042242909093,3311.686298737764,hard,5.0
15,2,0.005,1.0,1000000,1.0e6,0.0,0.0,0.0039810717055349725,0.0,0.0039810717055349725,0.0,200000,0,0,0,0,0,174.7365468807373,191.52607335578736,372.7184233055215,481.71219363236065,hard,5.0
15,2,0.005,1.0,1000000,1.0e6,0.000251188643150958,0.000251188643150958,0.0,0.0,0.0,0.0,200000,0,0,0,0,0,2023.7727862965805,2028.7894991848816,1775.3230644545283,1788.9848378431188,hard,5.0
15,2,0.005,1.0,1000000,1.0e6,0.0,0.0,6.309573444801932e-5,0.0,6.309573444801932e-5,0.0,200000,11110.238532110092,28936.47333333333,30544.256880733945,152.79746835443038,80.18518518518519,10008.914730030014,10150.632992056271,9082.843557738926,9389.644499887232,hard,5.0
15,2,0.005,1.0,1000000,1.0e6,6.309573444801932e-5,6.309573444801932e-5,0.0,0.0,0.0,0.0,200000,10967.17857142857,29760.594594594593,38153.57142857143,17.5,23.75,8857.536970855514,8944.725256097714,7410.42860167494,7510.127471174717,hard,5.0
15,2,0.005,1.0,1000000,1.0e6,0.0,0.0,0.0025118864315095803,0.0,0.0025118864315095803,0.0,200000,0,0,0,0,0,279.2390017005343,296.01637890622453,602.3785966391403,718.0170289948171,hard,5.0
15,2,0.005,1.0,1000000,1.0e6,2.51188643150958e-5,2.51188643150958e-5,0.0,0.0,0.0,0.0,200000,21829.071859903383,7244.888507718696,7566.559178743962,460.2566909975669,450.18568665377177,20277.463622200754,20754.29792305061,17396.337620291124,17749.20977982004,hard,5.0
15,2,0.005,1.0,1000000,1.0e6,1.584893192461113e-5,1.584893192461113e-5,0.0,0.0,0.0,0.0,200000,34195.50617283951,4185.707060420909,4253.20438957476,834.0939809926082,818.3479188900747,32565.514810847468,33823.9775424069,29427.840111511086,30389.166741974943,hard,5.0
15,2,0.005,1.0,1000000,1.0e6,0.006309573444801933,0.006309573444801933,0.0,0.0,0.0,0.0,200000,0,0,0,0,0,79.94604472880444,80.05688054367928,71.12994633881597,70.1592435089692,hard,5.0
15,2,0.005,1.0,1000000,1.0e6,0.0,0.0,2.51188643150958e-5,0.0,2.51188643150958e-5,0.0,200000,23941.626945309024,5686.414494034468,5818.899510893731,604.0769230769231,589.679104477612,24036.202013837203,24827.70829102883,21413.496776658594,22213.40796260478,hard,5.0
15,2,0.005,1.0,1000000,1.0e6,0.0,0.0,1.584893192461113e-5,0.0,1.584893192461113e-5,0.0,200000,38488.10988674625,3563.6051014136447,3560.8934802571166,1041.4522070498572,1023.9784946236559,37297.872286397025,39074.99691043957,33877.64192103986,35790.234755936304,hard,5.0
15,2,0.005,1.0,1000000,1.0e6,1.0e-5,1.0e-5,0.0,0.0,0.0,0.0,200000,52767.380993897124,3112.0693215339234,3045.776518453938,1361.110197869102,1360.017386091127,49696.669595740066,52213.64030186605,44877.26760186141,47251.257250224546,hard,5.0
15,2,0.005,1.0,1000000,1.0e6,0.0015848931924611134,0.0015848931924611134,0.0,0.0,0.0,0.0,200000,0,0,0,0,0,313.95442537533535,315.1467657951695,273.7390953312047,271.42947890071497,hard,5.0
15,2,0.005,1.0,1000000,1.0e6,0.0,0.0,1.0e-5,0.0,1.0e-5,0.0,200000,61330.07398910238,2778.441690962099,2734.765414396329,1678.7741353383458,1658.8642814902425,56678.39135150411,60209.220540643626,51954.43311991897,55848.846224523484,hard,5.0
15,2,0.005,1.0,1000000,1.0e6,0.0,0.0,0.000251188643150958,0.0,0.000251188643150958,0.0,200000,0,0,0,0,0,2642.57239095959,2667.872015023442,3899.277499303913,4072.4657913939377,hard,5.0
15,2,0.005,1.0,1000000,1.0e6,0.0,0.0,0.0015848931924611134,0.0,0.0015848931924611134,0.0,200000,0,0,0,0,0,441.31099178393316,462.46081124684804,952.7378319577031,1088.0488097057187,hard,5.0
15,2,0.005,1.0,1000000,1.0e6,2.51188643150958e-6,2.51188643150958e-6,0.0,0.0,0.0,0.0,66469,0,0,0,0,0,NaN,NaN,NaN,NaN,hard,5.0
15,2,0.005,1.0,1000000,1.0e6,0.0039810717055349725,0.0039810717055349725,0.0,0.0,0.0,0.0,200000,0,0,0,0,0,126.09931230504718,126.53346393460927,111.23854118886592,110.36519120912912,hard,5.0
15,2,0.005,1.0,1000000,1.0e6,0.0,0.0,1.58489319246111e-6,0.0,1.58489319246111e-6,0.0,64551,0,0,0,0,0,NaN,NaN,NaN,NaN,hard,5.0
15,2,0.005,1.0,1000000,1.0e6,0.0,0.0,2.51188643150958e-6,0.0,2.51188643150958e-6,0.0,64710,0,0,0,0,0,NaN,NaN,NaN,NaN,hard,5.0
15,2,0.005,1.0,1000000,1.0e6,3.98107170553497e-6,3.98107170553497e-6,0.0,0.0,0.0,0.0,98299,0,0,0,0,0,NaN,NaN,NaN,NaN,hard,5.0
15,2,0.005,1.0,1000000,1.0e6,0.00039810717055349724,0.00039810717055349724,0.0,0.0,0.0,0.0,200000,0,0,0,0,0,1267.2867282967366,1266.4648059979377,1112.5942829447497,1104.6555835759132,hard,5.0
15,2,0.005,1.0,1000000,1.0e6,1.58489319246111e-6,1.58489319246111e-6,0.0,0.0,0.0,0.0,60652,0,0,0,0,0,NaN,NaN,NaN,NaN,hard,5.0
15,2,0.005,1.0,1000000,1.0e6,0.0,0.0,3.98107170553497e-6,0.0,3.98107170553497e-6,0.0,71324,0,0,0,0,0,NaN,NaN,NaN,NaN,hard,5.0
15,2,0.005,1.0,1000000,1.0e6,0.0,0.0,0.0006309573444801932,0.0,0.0006309573444801932,0.0,200000,0,0,0,0,0,1131.8175975941003,1153.9822649750333,2344.724494456047,2506.8666101084254,hard,5.0
15,2,0.005,1.0,1000000,1.0e6,0.0006309573444801932,0.0006309573444801932,0.0,0.0,0.0,0.0,200000,0,0,0,0,0,809.201602702963,812.3728474956841,694.3741112904618,696.2294650856471,hard,5.0
15,2,0.005,1.0,1000000,1.0e6,0.0,0.0,0.006309573444801933,0.0,0.006309573444801933,0.0,200000,0,0,0,0,0,110.25409053073396,124.26937559964132,235.58336293819812,328.58408059120814,hard,5.0
15,2,0.005,1.0,1000000,1.0e6,0.0001,0.0001,0.0,0.0,0.0,0.0,200000,0,0,0,0,0,5169.36828679683,5216.853844424066,4497.040357107309,4553.217959514416,hard,5.0
15,2,0.005,1.0,1000000,1.0e6,0.001,0.001,0.0,0.0,0.0,0.0,200000,0,0,0,0,0,507.60933476460934,505.97683250932386,441.335226390136,440.71076716768613,hard,5.0
15,2,0.005,1.0,1000000,1.0e6,0.0,0.0,0.0001,0.0,0.0001,0.0,200000,0,0,0,0,0,6468.418365136903,6523.443364865346,6346.910374265608,6533.323545219133,hard,5.0
15,2,0.005,1.0,1000000,1.0e6,0.01,0.01,0.0,0.0,0.0,0.0,200000,0,0,0,0,0,50.61585320009885,50.848965789042595,44.29460766788628,45.23546106311774,hard,5.0
15,2,0.005,1.0,1000000,1.0e6,6.30957344480193e-6,6.30957344480193e-6,0.0,0.0,0.0,0.0,200000,78055.43312293358,2575.6139927623644,2532.41508866847,2034.819059483027,2077.650527622595,71962.53001445293,76839.3964447328,67201.16125035186,71380.68286227588,hard,5.0
15,2,0.005,1.0,1000000,1.0e6,0.0,0.0,6.30957344480193e-6,0.0,6.30957344480193e-6,0.0,98090,0,0,0,0,0,NaN,NaN,NaN,NaN,hard,5.0
20,2,0.005,1.0,1000000,1.0e6,1.584893192461113e-5,1.584893192461113e-5,0.0,0.0,0.0,0.0,200000,33321.93053715968,2577.9007007603996,2541.068275456151,1541.5283105723493,1538.4349076597034,30962.484478107835,32953.46415490213,29006.20351695119,30723.914854511942,hard,5.0
20,2,0.005,1.0,1000000,1.0e6,0.0,0.0,1.584893192461113e-5,0.0,1.584893192461113e-5,0.0,200000,36274.39127185772,2466.9993957703928,2415.9572560155434,1729.4381026438568,1728.9933856329797,33145.553229823985,35836.29641344578,31231.578697277975,34034.77723801968,hard,5.0
20,2,0.005,1.0,1000000,1.0e6,0.0,0.0,0.0025118864315095803,0.0,0.0025118864315095803,0.0,200000,0,0,0,0,0,258.94737110821615,272.7195557594655,605.7462479588172,735.5161292548596,hard,5.0
20,2,0.005,1.0,1000000,1.0e6,3.981071705534972e-5,3.981071705534972e-5,0.0,0.0,0.0,0.0,200000,13566.453661563923,4895.410037484381,4848.213074058751,547.2914137033824,544.9099913867356,12896.977975733353,13267.231231988482,11876.149235176164,12218.235939834345,hard,5.0
20,2,0.005,1.0,1000000,1.0e6,0.001,0.001,0.0,0.0,0.0,0.0,200000,0,0,0,0,0,504.29413114584673,506.0272368733364,450.85070655278395,459.41349612428394,hard,5.0
20,2,0.005,1.0,1000000,1.0e6,0.00039810717055349724,0.00039810717055349724,0.0,0.0,0.0,0.0,200000,0,0,0,0,0,1287.6996876778353,1287.3737695794823,1166.38468168473,1162.5353939147046,hard,5.0
20,2,0.005,1.0,1000000,1.0e6,2.51188643150958e-6,2.51188643150958e-6,0.0,0.0,0.0,0.0,60869,0,0,0,0,0,NaN,NaN,NaN,NaN,hard,5.0
20,2,0.005,1.0,1000000,1.0e6,0.0039810717055349725,0.0039810717055349725,0.0,0.0,0.0,0.0,200000,0,0,0,0,0,126.25709221022402,126.63173681950843,115.86511173022483,114.62449657261936,hard,5.0
20,2,0.005,1.0,1000000,1.0e6,0.0,0.0,3.981071705534972e-5,0.0,3.981071705534972e-5,0.0,200000,14857.720797195054,4217.047671232876,4255.913083594759,662.5296121097446,672.6576783323771,14582.647493141312,15074.043490482698,12870.484470399588,13507.537525541082,hard,5.0
20,2,0.005,1.0,1000000,1.0e6,0.0,0.0,0.00039810717055349724,0.0,0.00039810717055349724,0.0,200000,0,0,0,0,0,1560.5235252758303,1579.6062402922933,2586.979482251018,2757.6882554842705,hard,5.0
20,2,0.005,1.0,1000000,1.0e6,0.0,0.0,0.0039810717055349725,0.0,0.0039810717055349725,0.0,200000,0,0,0,0,0,162.15565932217254,174.9644693478937,380.40485468660734,494.4643315086838,hard,5.0
20,2,0.005,1.0,1000000,1.0e6,0.01,0.01,0.0,0.0,0.0,0.0,200000,0,0,0,0,0,51.06350553339896,51.183929821647546,45.98927089133813,46.38849483738488,hard,5.0
20,2,0.005,1.0,1000000,1.0e6,0.0,0.0,2.51188643150958e-5,0.0,2.51188643150958e-5,0.0,200000,22424.64559988047,3068.9670595346024,3041.290004482295,1075.0617610454262,1070.5588190066123,21427.682158682597,22574.08098378354,19488.83899751347,20850.897250039572,hard,5.0
20,2,0.005,1.0,1000000,1.0e6,0.0,0.0,2.51188643150958e-6,0.0,2.51188643150958e-6,0.0,58793,0,0,0,0,0,NaN,NaN,NaN,NaN,hard,5.0
20,2,0.005,1.0,1000000,1.0e6,1.0e-6,1.0e-6,0.0,0.0,0.0,0.0,57424,0,0,0,0,0,NaN,NaN,NaN,NaN,hard,5.0
20,2,0.005,1.0,1000000,1.0e6,6.309573444801932e-5,6.309573444801932e-5,0.0,0.0,0.0,0.0,200000,8805.454417952315,10506.564030131827,10361.561009817671,257.1561530506722,265.41918932786047,8081.281974393185,8254.461891981591,7507.2096282963,7652.49410865874,hard,5.0
20,2,0.005,1.0,1000000,1.0e6,0.0015848931924611134,0.0015848931924611134,0.0,0.0,0.0,0.0,200000,0,0,0,0,0,316.9233742537804,318.53931308929714,286.86266587018747,287.2222704384083,hard,5.0
20,2,0.005,1.0,1000000,1.0e6,0.0,0.0,1.0e-6,0.0,1.0e-6,0.0,55380,0,0,0,0,0,NaN,NaN,NaN,NaN,hard,5.0
20,2,0.005,1.0,1000000,1.0e6,0.0,0.0,6.309573444801932e-5,0.0,6.309573444801932e-5,0.0,200000,9641.024028268552,8001.955472467709,8243.228621908127,351.34302325581393,338.89772727272725,9178.033344536803,9391.203348559753,8250.954469429626,8602.666380012968,hard,5.0
20,2,0.005,1.0,1000000,1.0e6,0.0,0.0,6.30957344480193e-6,0.0,6.30957344480193e-6,0.0,64736,0,0,0,0,0,NaN,NaN,NaN,NaN,hard,5.0
20,2,0.005,1.0,1000000,1.0e6,0.0,0.0,0.0015848931924611134,0.0,0.0015848931924611134,0.0,200000,0,0,0,0,0,404.1582001877806,418.76719371491936,901.5986139887145,1045.2244386125578,hard,5.0
20,2,0.005,1.0,1000000,1.0e6,1.0e-5,1.0e-5,0.0,0.0,0.0,0.0,200000,50903.48178536265,2241.7494611175593,2177.349524122087,2365.210409176511,2379.5726626016262,47345.538170844135,51825.03889941176,45704.79607145142,49944.51119875769,hard,5.0
20,2,0.005,1.0,1000000,1.0e6,0.0025118864315095803,0.0025118864315095803,0.0,0.0,0.0,0.0,200000,0,0,0,0,0,198.966488976308,199.43151242814008,179.64954282798766,177.82096272237843,hard,5.0
20,2,0.005,1.0,1000000,1.0e6,1.58489319246111e-6,1.58489319246111e-6,0.0,0.0,0.0,0.0,59634,0,0,0,0,0,NaN,NaN,NaN,NaN,hard,5.0
20,2,0.005,1.0,1000000,1.0e6,0.0,0.0,0.0006309573444801932,0.0,0.0006309573444801932,0.0,200000,0,0,0,0,0,1011.317400237977,1031.8574115490635,2013.920108144636,2190.8113787322873,hard,5.0
20,2,0.005,1.0,1000000,1.0e6,0.0,0.0,1.58489319246111e-6,0.0,1.58489319246111e-6,0.0,57957,0,0,0,0,0,NaN,NaN,NaN,NaN,hard,5.0
20,2,0.005,1.0,1000000,1.0e6,0.0006309573444801932,0.0006309573444801932,0.0,0.0,0.0,0.0,200000,0,0,0,0,0,798.1639410847953,799.7436092509779,702.659970626152,707.3989278345936,hard,5.0
20,2,0.005,1.0,1000000,1.0e6,0.0,0.0,0.000251188643150958,0.0,0.000251188643150958,0.0,200000,0,0,0,0,0,2386.623314638192,2402.868756819503,3150.1774666987862,3332.003335268168,hard,5.0
20,2,0.005,1.0,1000000,1.0e6,3.98107170553497e-6,3.98107170553497e-6,0.0,0.0,0.0,0.0,65600,0,0,0,0,0,NaN,NaN,NaN,NaN,hard,5.0
20,2,0.005,1.0,1000000,1.0e6,0.000251188643150958,0.000251188643150958,0.0,0.0,0.0,0.0,200000,0,0,0,0,0,2051.532504736616,2066.041863502976,1901.0115775580139,1915.1144491519449,hard,5.0
20,2,0.005,1.0,1000000,1.0e6,0.00015848931924611134,0.00015848931924611134,0.0,0.0,0.0,0.0,200000,3677.3333333333335,0,34701.333333333336,0,0,3235.520567545924,3261.2709268303265,2907.3289273059413,2922.053397696061,hard,5.0
20,2,0.005,1.0,1000000,1.0e6,0.0,0.0,3.98107170553497e-6,0.0,3.98107170553497e-6,0.0,61463,0,0,0,0,0,NaN,NaN,NaN,NaN,hard,5.0
20,2,0.005,1.0,1000000,1.0e6,0.006309573444801933,0.006309573444801933,0.0,0.0,0.0,0.0,200000,0,0,0,0,0,80.49897219345243,80.19710019575922,72.55376265349899,72.35718202794274,hard,5.0
20,2,0.005,1.0,1000000,1.0e6,0.0,0.0,0.006309573444801933,0.0,0.006309573444801933,0.0,200000,0,0,0,0,0,104.9681725798206,116.37776503024097,258.03720421542596,361.54151214736964,hard,5.0
20,2,0.005,1.0,1000000,1.0e6,0.0,0.0,0.001,0.0,0.001,0.0,200000,0,0,0,0,0,641.2539857445066,654.5029551350556,1397.2481105915092,1545.8549908541743,hard,5.0
20,2,0.005,1.0,1000000,1.0e6,0.0,0.0,0.00015848931924611134,0.0,0.00015848931924611134,0.0,200000,5898.615384615385,45785.318181818184,48057.846153846156,3.0,144.0,3700.8739069882668,3749.230279918656,3914.0105140060623,4130.038664689752,hard,5.0
20,2,0.005,1.0,1000000,1.0e6,2.51188643150958e-5,2.51188643150958e-5,0.0,0.0,0.0,0.0,200000,20777.814584949574,3320.284177708496,3291.1618308766488,920.9744578313253,930.2222222222222,19686.866202926907,20510.534929730125,18640.945120320765,19422.97222245952,hard,5.0
20,2,0.005,1.0,1000000,1.0e6,0.0,0.0,0.0001,0.0,0.0001,0.0,200000,6369.707951070336,21820.393001345896,23050.183486238533,171.77601410934744,134.86458333333334,5850.963527708873,5941.9826641122945,5431.346895317036,5708.439941061193,hard,5.0
20,2,0.005,1.0,1000000,1.0e6,0.0,0.0,0.01,0.0,0.01,0.0,200000,0,0,0,0,0,67.25694923582584,76.60487902848169,172.64806938033482,255.2464741581357,hard,5.0
25,2,0.005,1.0,1000000,1.0e6,0.006309573444801933,0.006309573444801933,0.0,0.0,0.0,0.0,200000,0,0,0,0,0,80.48226464872845,80.3438589192432,74.7344529190644,75.12952314968321,hard,5.0
25,2,0.005,1.0,1000000,1.0e6,3.981071705534972e-5,3.981071705534972e-5,0.0,0.0,0.0,0.0,200000,13250.637566137566,2901.066489832007,2889.520194003527,936.6475930971844,935.5439311594203,12489.541556626238,13061.672356670659,11701.569525234909,12246.152341944038,hard,5.0
25,2,0.005,1.0,1000000,1.0e6,0.0,0.0,3.981071705534972e-5,0.0,3.981071705534972e-5,0.0,200000,14175.504657581509,2737.749241044323,2720.712782473693,1040.7052275358446,1041.506463608996,13305.758459317603,13963.802573252926,12317.764743150232,13063.563731473389,hard,5.0
25,2,0.005,1.0,1000000,1.0e6,2.51188643150958e-5,2.51188643150958e-5,0.0,0.0,0.0,0.0,200000,20229.85213204952,2353.8042872080864,2304.2589408528197,1466.0008052970652,1465.0380338863395,18934.80137447769,20155.48987292954,18083.95481821985,19196.135255049732,hard,5.0
25,2,0.005,1.0,1000000,1.0e6,6.30957344480193e-6,6.30957344480193e-6,0.0,0.0,0.0,0.0,62346,0,0,0,0,0,NaN,NaN,NaN,NaN,hard,5.0
25,2,0.005,1.0,1000000,1.0e6,0.0,0.0,0.001,0.0,0.001,0.0,200000,0,0,0,0,0,614.0550997081988,626.313052458666,1359.4574331689732,1520.2633680914205,hard,5.0
25,2,0.005,1.0,1000000,1.0e6,0.0,0.0,0.01,0.0,0.01,0.0,200000,0,0,0,0,0,64.54559370745686,71.96796270666286,178.83786676931828,263.47222685132266,hard,5.0
25,2,0.005,1.0,1000000,1.0e6,1.0e-6,1.0e-6,0.0,0.0,0.0,0.0,54295,0,0,0,0,0,NaN,NaN,NaN,NaN,hard,5.0
25,2,0.005,1.0,1000000,1.0e6,0.01,0.01,0.0,0.0,0.0,0.0,200000,0,0,0,0,0,51.157132272672804,51.03652891180755,46.83997390335445,47.3341957264809,hard,5.0
25,2,0.005,1.0,1000000,1.0e6,0.0,0.0,1.0e-6,0.0,1.0e-6,0.0,56000,0,0,0,0,0,NaN,NaN,NaN,NaN,hard,5.0
25,2,0.005,1.0,1000000,1.0e6,0.0,0.0,6.30957344480193e-6,0.0,6.30957344480193e-6,0.0,59049,0,0,0,0,0,NaN,NaN,NaN,NaN,hard,5.0
25,2,0.005,1.0,1000000,1.0e6,0.0,0.0,0.0025118864315095803,0.0,0.0025118864315095803,0.0,200000,0,0,0,0,0,248.97308531627345,261.1707375636198,634.9010693134663,775.5421421013391,hard,5.0
25,2,0.005,1.0,1000000,1.0e6,0.0006309573444801932,0.0006309573444801932,0.0,0.0,0.0,0.0,200000,0,0,0,0,0,803.7641519433224,805.4555547042013,758.0538444105274,765.8753867798757,hard,5.0
25,2,0.005,1.0,1000000,1.0e6,0.0039810717055349725,0.0039810717055349725,0.0,0.0,0.0,0.0,200000,0,0,0,0,0,126.67944826631656,126.92543373831175,119.2071847754241,119.33817136938353,hard,5.0
25,2,0.005,1.0,1000000,1.0e6,0.0,0.0,0.0006309573444801932,0.0,0.0006309573444801932,0.0,200000,0,0,0,0,0,944.3888803511206,958.4051152028659,1774.229116767835,1951.2373785332138,hard,5.0
25,2,0.005,1.0,1000000,1.0e6,1.584893192461113e-5,1.584893192461113e-5,0.0,0.0,0.0,0.0,200000,33783.243843358905,2034.1633980286556,1975.23092450545,2434.8848129126927,2459.3639675270606,31493.4227850968,34809.201772385844,30727.50729283493,33801.93328551624,hard,5.0
25,2,0.005,1.0,1000000,1.0e6,0.0,0.0,1.584893192461113e-5,0.0,1.584893192461113e-5,0.0,200000,35844.37374548374,1920.7410123230472,1856.8800682456845,2558.402248135308,2560.4184602649007,32310.28995051458,36116.65419372711,32355.353260922428,36235.14336185928,hard,5.0
25,2,0.005,1.0,1000000,1.0e6,1.0e-5,1.0e-5,0.0,0.0,0.0,0.0,200000,50721.70719287078,1948.8059219032841,1843.3590885947046,3700.3479956954534,3736.1711222869244,47224.156076536055,54013.43598806049,46946.037902275406,53398.84305357881,hard,5.0
25,2,0.005,1.0,1000000,1.0e6,0.001,0.001,0.0,0.0,0.0,0.0,200000,0,0,0,0,0,506.1691570753411,507.6977231194475,454.35734172438686,451.881064886891,hard,5.0
25,2,0.005,1.0,1000000,1.0e6,0.00015848931924611134,0.00015848931924611134,0.0,0.0,0.0,0.0,200000,4148.56264236902,25382.278384279474,25985.83257403189,98.15170278637771,98.75693311582381,3256.7081500406816,3295.9588743028835,3039.389730332448,3071.1394129994983,hard,5.0
25,2,0.005,1.0,1000000,1.0e6,0.0,0.0,1.0e-5,0.0,1.0e-5,0.0,68328,0,0,0,0,0,NaN,NaN,NaN,NaN,hard,5.0
25,2,0.005,1.0,1000000,1.0e6,0.0,0.0,0.000251188643150958,0.0,0.000251188643150958,0.0,200000,3100.2127659574467,49268.15,45234.744680851065,40.5,42.857142857142854,2301.0587656615517,2326.3017555632614,2726.738899298777,2928.7968159731395,hard,5.0
25,2,0.005,1.0,1000000,1.0e6,0.0,0.0,0.00015848931924611134,0.0,0.00015848931924611134,0.0,200000,4309.204575163399,17325.17070422535,18348.848366013073,150.47364864864866,135.26069410815174,3617.8103833998525,3672.279149004751,3527.193213391165,3740.6440515939216,hard,5.0
25,2,0.005,1.0,1000000,1.0e6,0.0,0.0,1.58489319246111e-6,0.0,1.58489319246111e-6,0.0,55181,0,0,0,0,0,NaN,NaN,NaN,NaN,hard,5.0
25,2,0.005,1.0,1000000,1.0e6,0.0,0.0,2.51188643150958e-6,0.0,2.51188643150958e-6,0.0,56760,0,0,0,0,0,NaN,NaN,NaN,NaN,hard,5.0
25,2,0.005,1.0,1000000,1.0e6,0.0,0.0,0.0039810717055349725,0.0,0.0039810717055349725,0.0,200000,0,0,0,0,0,157.42339881110306,166.9165384725295,400.57144505120647,520.9110258919802,hard,5.0
25,2,0.005,1.0,1000000,1.0e6,0.000251188643150958,0.000251188643150958,0.0,0.0,0.0,0.0,200000,5890.875,45645.444444444445,40818.625,0,0,2053.3989782651647,2062.729696661998,1841.3499460770602,1851.1320390260437,hard,5.0
25,2,0.005,1.0,1000000,1.0e6,1.58489319246111e-6,1.58489319246111e-6,0.0,0.0,0.0,0.0,54441,0,0,0,0,0,NaN,NaN,NaN,NaN,hard,5.0
25,2,0.005,1.0,1000000,1.0e6,2.51188643150958e-6,2.51188643150958e-6,0.0,0.0,0.0,0.0,56698,0,0,0,0,0,NaN,NaN,NaN,NaN,hard,5.0
25,2,0.005,1.0,1000000,1.0e6,0.0,0.0,0.0015848931924611134,0.0,0.0015848931924611134,0.0,200000,0,0,0,0,0,391.96153391410843,403.7033601758623,940.0834452734374,1089.031328183368,hard,5.0
25,2,0.005,1.0,1000000,1.0e6,0.00039810717055349724,0.00039810717055349724,0.0,0.0,0.0,0.0,200000,0,0,0,0,0,1286.3223085516606,1291.5262003640241,1199.0804513253938,1207.7684665733627,hard,5.0
25,2,0.005,1.0,1000000,1.0e6,0.0,0.0,2.51188643150958e-5,0.0,2.51188643150958e-5,0.0,200000,22009.36738070359,2217.864077669903,2193.4386973180076,1629.8048145154046,1626.4487660944205,20240.72491099534,21765.61306213658,19418.49414026683,21079.52900710866,hard,5.0
25,2,0.005,1.0,1000000,1.0e6,3.98107170553497e-6,3.98107170553497e-6,0.0,0.0,0.0,0.0,59091,0,0,0,0,0,NaN,NaN,NaN,NaN,hard,5.0
25,2,0.005,1.0,1000000,1.0e6,6.309573444801932e-5,6.309573444801932e-5,0.0,0.0,0.0,0.0,200000,8459.374013973405,4276.371454607586,4246.820824881677,532.1690057789833,526.9082108700724,7998.058065792142,8226.022617414956,7587.5259963585995,7805.516324667389,hard,5.0
25,2,0.005,1.0,1000000,1.0e6,0.0,0.0,3.98107170553497e-6,0.0,3.98107170553497e-6,0.0,56599,0,0,0,0,0,NaN,NaN,NaN,NaN,hard,5.0
25,2,0.005,1.0,1000000,1.0e6,0.0,0.0,6.309573444801932e-5,0.0,6.309573444801932e-5,0.0,200000,8872.674883771218,3991.103884860946,3980.2624067466754,628.8367073034336,617.203709911722,8428.748468609747,8715.429584425368,7689.965098759176,8081.2316417380225,hard,5.0
25,2,0.005,1.0,1000000,1.0e6,0.0015848931924611134,0.0015848931924611134,0.0,0.0,0.0,0.0,200000,0,0,0,0,0,319.31399187049954,320.14129140892004,291.721192283101,294.6662464973181,hard,5.0
25,2,0.005,1.0,1000000,1.0e6,0.0,0.0,0.00039810717055349724,0.0,0.00039810717055349724,0.0,200000,0,0,0,0,0,1483.915479258856,1502.5356641545043,2297.4878844892564,2495.7995790774903,hard,5.0
25,2,0.005,1.0,1000000,1.0e6,0.0001,0.0001,0.0,0.0,0.0,0.0,200000,5728.514423076923,8373.351658134876,8654.703754578755,267.64893870736944,264.8239921337266,5083.428884798354,5180.322157825075,4739.099626342025,4827.943117649378,hard,5.0
25,2,0.005,1.0,1000000,1.0e6,0.0025118864315095803,0.0025118864315095803,0.0,0.0,0.0,0.0,200000,0,0,0,0,0,200.76672917738816,200.2756023467954,183.60696716829588,187.88513336464788,hard,5.0
25,2,0.005,1.0,1000000,1.0e6,0.0,0.0,0.0001,0.0,0.0001,0.0,200000,6044.849701573521,6769.09511015583,6865.196238017725,350.70660609502175,334.33868808567604,5619.500132669176,5744.167612876914,5257.559002138653,5550.178955120046,hard,5.0
25,2,0.005,1.0,1000000,1.0e6,0.0,0.0,0.006309573444801933,0.0,0.006309573444801933,0.0,200000,0,0,0,0,0,99.93927477564739,108.29537922963608,261.2796291278472,362.8164081640136,hard,5.0
